  0.00249750,  -0.00000058
  0.00749251,  -0.00000055
  0.01248751,  -0.00000049
  0.01748252,  -0.00000040
  0.02247752,  -0.00000028
  0.02747253,  -0.00000014
  0.03246753,   0.00000004
  0.03746254,   0.00000024
  0.04245754,   0.00000047
  0.04745255,   0.00000072
  0.05244755,   0.00000100
  0.05744256,   0.00000130
  0.06243756,   0.00000162
  0.06743257,   0.00000197
  0.07242757,   0.00000233
  0.07742258,   0.00000271
  0.08241758,   0.00000311
  0.08741259,   0.00000352
  0.09240759,   0.00000394
  0.09740260,   0.00000438
  0.10239760,   0.00000482
  0.10739261,   0.00000527
  0.11238761,   0.00000573
  0.11738262,   0.00000619
  0.12237762,   0.00000665
  0.12737263,   0.00000712
  0.13236763,   0.00000758
  0.13736264,   0.00000804
  0.14235764,   0.00000849
  0.14735265,   0.00000893
  0.15234765,   0.00000937
  0.15734266,   0.00000979
  0.16233766,   0.00001020
  0.16733267,   0.00001060
  0.17232767,   0.00001099
  0.17732268,   0.00001136
  0.18231768,   0.00001171
  0.18731269,   0.00001204
  0.19230769,   0.00001236
  0.19730270,   0.00001266
  0.20229770,   0.00001293
  0.20729271,   0.00001319
  0.21228771,   0.00001342
  0.21728272,   0.00001364
  0.22227772,   0.00001383
  0.22727273,   0.00001401
  0.23226773,   0.00001416
  0.23726274,   0.00001430
  0.24225774,   0.00001441
  0.24725275,   0.00001451
  0.25224775,   0.00001459
  0.25724276,   0.00001466
  0.26223776,   0.00001471
  0.26723277,   0.00001475
  0.27222777,   0.00001477
  0.27722278,   0.00001479
  0.28221778,   0.00001479
  0.28721279,   0.00001479
  0.29220779,   0.00001479
  0.29720280,   0.00001478
  0.30219780,   0.00001477
  0.30719281,   0.00001476
  0.31218781,   0.00001475
  0.31718282,   0.00001474
  0.32217782,   0.00001474
  0.32717283,   0.00001475
  0.33216783,   0.00001477
  0.33716284,   0.00001480
  0.34215784,   0.00001484
  0.34715285,   0.00001489
  0.35214785,   0.00001496
  0.35714286,   0.00001505
  0.36213786,   0.00001515
  0.36713287,   0.00001528
  0.37212787,   0.00001542
  0.37712288,   0.00001559
  0.38211788,   0.00001578
  0.38711289,   0.00001600
  0.39210789,   0.00001624
  0.39710290,   0.00001650
  0.40209790,   0.00001680
  0.40709291,   0.00001712
  0.41208791,   0.00001746
  0.41708292,   0.00001784
  0.42207792,   0.00001824
  0.42707293,   0.00001867
  0.43206793,   0.00001913
  0.43706294,   0.00001962
  0.44205794,   0.00002014
  0.44705295,   0.00002068
  0.45204795,   0.00002126
  0.45704296,   0.00002186
  0.46203796,   0.00002249
  0.46703297,   0.00002315
  0.47202797,   0.00002383
  0.47702298,   0.00002455
  0.48201798,   0.00002529
  0.48701299,   0.00002605
  0.49200799,   0.00002685
  0.49700300,   0.00002767
  0.50199800,   0.00002851
  0.50699301,   0.00002938
  0.51198801,   0.00003027
  0.51698302,   0.00003119
  0.52197802,   0.00003213
  0.52697303,   0.00003310
  0.53196803,   0.00003408
  0.53696304,   0.00003509
  0.54195804,   0.00003613
  0.54695305,   0.00003718
  0.55194805,   0.00003826
  0.55694306,   0.00003935
  0.56193806,   0.00004047
  0.56693307,   0.00004160
  0.57192807,   0.00004276
  0.57692308,   0.00004394
  0.58191808,   0.00004513
  0.58691309,   0.00004635
  0.59190809,   0.00004758
  0.59690310,   0.00004883
  0.60189810,   0.00005011
  0.60689311,   0.00005140
  0.61188811,   0.00005270
  0.61688312,   0.00005403
  0.62187812,   0.00005537
  0.62687313,   0.00005673
  0.63186813,   0.00005811
  0.63686314,   0.00005951
  0.64185814,   0.00006092
  0.64685315,   0.00006235
  0.65184815,   0.00006380
  0.65684316,   0.00006527
  0.66183816,   0.00006675
  0.66683317,   0.00006825
  0.67182817,   0.00006977
  0.67682318,   0.00007131
  0.68181818,   0.00007286
  0.68681319,   0.00007444
  0.69180819,   0.00007603
  0.69680320,   0.00007764
  0.70179820,   0.00007927
  0.70679321,   0.00008091
  0.71178821,   0.00008258
  0.71678322,   0.00008427
  0.72177822,   0.00008597
  0.72677323,   0.00008770
  0.73176823,   0.00008944
  0.73676324,   0.00009121
  0.74175824,   0.00009300
  0.74675325,   0.00009481
  0.75174825,   0.00009664
  0.75674326,   0.00009849
  0.76173826,   0.00010037
  0.76673327,   0.00010227
  0.77172827,   0.00010419
  0.77672328,   0.00010614
  0.78171828,   0.00010811
  0.78671329,   0.00011011
  0.79170829,   0.00011213
  0.79670330,   0.00011418
  0.80169830,   0.00011626
  0.80669331,   0.00011837
  0.81168831,   0.00012050
  0.81668332,   0.00012266
  0.82167832,   0.00012485
  0.82667333,   0.00012708
  0.83166833,   0.00012933
  0.83666334,   0.00013162
  0.84165834,   0.00013394
  0.84665335,   0.00013629
  0.85164835,   0.00013868
  0.85664336,   0.00014110
  0.86163836,   0.00014356
  0.86663337,   0.00014606
  0.87162837,   0.00014859
  0.87662338,   0.00015117
  0.88161838,   0.00015378
  0.88661339,   0.00015643
  0.89160839,   0.00015913
  0.89660340,   0.00016187
  0.90159840,   0.00016465
  0.90659341,   0.00016747
  0.91158841,   0.00017034
  0.91658342,   0.00017326
  0.92157842,   0.00017623
  0.92657343,   0.00017924
  0.93156843,   0.00018230
  0.93656344,   0.00018541
  0.94155844,   0.00018858
  0.94655345,   0.00019179
  0.95154845,   0.00019506
  0.95654346,   0.00019838
  0.96153846,   0.00020176
  0.96653347,   0.00020519
  0.97152847,   0.00020868
  0.97652348,   0.00021223
  0.98151848,   0.00021584
  0.98651349,   0.00021950
  0.99150849,   0.00022323
  0.99650350,   0.00022702
  1.00149850,   0.00023087
  1.00649351,   0.00023478
  1.01148851,   0.00023875
  1.01648352,   0.00024279
  1.02147852,   0.00024690
  1.02647353,   0.00025107
  1.03146853,   0.00025530
  1.03646354,   0.00025961
  1.04145854,   0.00026398
  1.04645355,   0.00026842
  1.05144855,   0.00027293
  1.05644356,   0.00027751
  1.06143856,   0.00028215
  1.06643357,   0.00028687
  1.07142857,   0.00029166
  1.07642358,   0.00029651
  1.08141858,   0.00030144
  1.08641359,   0.00030644
  1.09140859,   0.00031151
  1.09640360,   0.00031665
  1.10139860,   0.00032186
  1.10639361,   0.00032715
  1.11138861,   0.00033250
  1.11638362,   0.00033793
  1.12137862,   0.00034342
  1.12637363,   0.00034899
  1.13136863,   0.00035462
  1.13636364,   0.00036033
  1.14135864,   0.00036610
  1.14635365,   0.00037194
  1.15134865,   0.00037784
  1.15634366,   0.00038381
  1.16133866,   0.00038985
  1.16633367,   0.00039595
  1.17132867,   0.00040211
  1.17632368,   0.00040833
  1.18131868,   0.00041461
  1.18631369,   0.00042095
  1.19130869,   0.00042734
  1.19630370,   0.00043379
  1.20129870,   0.00044029
  1.20629371,   0.00044684
  1.21128871,   0.00045344
  1.21628372,   0.00046009
  1.22127872,   0.00046677
  1.22627373,   0.00047350
  1.23126873,   0.00048026
  1.23626374,   0.00048706
  1.24125874,   0.00049389
  1.24625375,   0.00050075
  1.25124875,   0.00050764
  1.25624376,   0.00051454
  1.26123876,   0.00052147
  1.26623377,   0.00052841
  1.27122877,   0.00053537
  1.27622378,   0.00054233
  1.28121878,   0.00054931
  1.28621379,   0.00055628
  1.29120879,   0.00056325
  1.29620380,   0.00057022
  1.30119880,   0.00057718
  1.30619381,   0.00058413
  1.31118881,   0.00059107
  1.31618382,   0.00059800
  1.32117882,   0.00060491
  1.32617383,   0.00061179
  1.33116883,   0.00061866
  1.33616384,   0.00062551
  1.34115884,   0.00063233
  1.34615385,   0.00063913
  1.35114885,   0.00064591
  1.35614386,   0.00065268
  1.36113886,   0.00065942
  1.36613387,   0.00066616
  1.37112887,   0.00067288
  1.37612388,   0.00067961
  1.38111888,   0.00068634
  1.38611389,   0.00069308
  1.39110889,   0.00069986
  1.39610390,   0.00070667
  1.40109890,   0.00071353
  1.40609391,   0.00072047
  1.41108891,   0.00072750
  1.41608392,   0.00073465
  1.42107892,   0.00074194
  1.42607393,   0.00074939
  1.43106893,   0.00075705
  1.43606394,   0.00076495
  1.44105894,   0.00077312
  1.44605395,   0.00078163
  1.45104895,   0.00079050
  1.45604396,   0.00079981
  1.46103896,   0.00080960
  1.46603397,   0.00081995
  1.47102897,   0.00083093
  1.47602398,   0.00084261
  1.48101898,   0.00085509
  1.48601399,   0.00086844
  1.49100899,   0.00088278
  1.49600400,   0.00089820
  1.50099900,   0.00091482
  1.50599401,   0.00093277
  1.51098901,   0.00095217
  1.51598402,   0.00097316
  1.52097902,   0.00099589
  1.52597403,   0.00102051
  1.53096903,   0.00104719
  1.53596404,   0.00107608
  1.54095904,   0.00110738
  1.54595405,   0.00114126
  1.55094905,   0.00117791
  1.55594406,   0.00121753
  1.56093906,   0.00126033
  1.56593407,   0.00130650
  1.57092907,   0.00135625
  1.57592408,   0.00140979
  1.58091908,   0.00146734
  1.58591409,   0.00152909
  1.59090909,   0.00159527
  1.59590410,   0.00166606
  1.60089910,   0.00174167
  1.60589411,   0.00182229
  1.61088911,   0.00190810
  1.61588412,   0.00199928
  1.62087912,   0.00209599
  1.62587413,   0.00219839
  1.63086913,   0.00230663
  1.63586414,   0.00242083
  1.64085914,   0.00254114
  1.64585415,   0.00266767
  1.65084915,   0.00280056
  1.65584416,   0.00293993
  1.66083916,   0.00308593
  1.66583417,   0.00323873
  1.67082917,   0.00339851
  1.67582418,   0.00356551
  1.68081918,   0.00374003
  1.68581419,   0.00392245
  1.69080919,   0.00411323
  1.69580420,   0.00431297
  1.70079920,   0.00452239
  1.70579421,   0.00474241
  1.71078921,   0.00497415
  1.71578422,   0.00521898
  1.72077922,   0.00547853
  1.72577423,   0.00575478
  1.73076923,   0.00605005
  1.73576424,   0.00636711
  1.74075924,   0.00670915
  1.74575425,   0.00707989
  1.75074925,   0.00748361
  1.75574426,   0.00792517
  1.76073926,   0.00841010
  1.76573427,   0.00894464
  1.77072927,   0.00953574
  1.77572428,   0.01019113
  1.78071928,   0.01091935
  1.78571429,   0.01172976
  1.79070929,   0.01263257
  1.79570430,   0.01363883
  1.80069930,   0.01476044
  1.80569431,   0.01601010
  1.81068931,   0.01740133
  1.81568432,   0.01894836
  1.82067932,   0.02066614
  1.82567433,   0.02257020
  1.83066933,   0.02467660
  1.83566434,   0.02700178
  1.84065934,   0.02956248
  1.84565435,   0.03237557
  1.85064935,   0.03545789
  1.85564436,   0.03882610
  1.86063936,   0.04249648
  1.86563437,   0.04648476
  1.87062937,   0.05080588
  1.87562438,   0.05547383
  1.88061938,   0.06050140
  1.88561439,   0.06589999
  1.89060939,   0.07167942
  1.89560440,   0.07784771
  1.90059940,   0.08441087
  1.90559441,   0.09137278
  1.91058941,   0.09873501
  1.91558442,   0.10649664
  1.92057942,   0.11465422
  1.92557443,   0.12320162
  1.93056943,   0.13213003
  1.93556444,   0.14142788
  1.94055944,   0.15108088
  1.94555445,   0.16107203
  1.95054945,   0.17138176
  1.95554446,   0.18198794
  1.96053946,   0.19286610
  1.96553447,   0.20398960
  1.97052947,   0.21532978
  1.97552448,   0.22685624
  1.98051948,   0.23853710
  1.98551449,   0.25033925
  1.99050949,   0.26222866
  1.99550450,   0.27417069
  2.00049950,   0.28613042
  2.00549451,   0.29807295
  2.01048951,   0.30996374
  2.01548452,   0.32176890
  2.02047952,   0.33345552
  2.02547453,   0.34499196
  2.03046953,   0.35634810
  2.03546454,   0.36749559
  2.04045954,   0.37840810
  2.04545455,   0.38906149
  2.05044955,   0.39943395
  2.05544456,   0.40950618
  2.06043956,   0.41926144
  2.06543457,   0.42868562
  2.07042957,   0.43776730
  2.07542458,   0.44649768
  2.08041958,   0.45487059
  2.08541459,   0.46288239
  2.09040959,   0.47053189
  2.09540460,   0.47782023
  2.10039960,   0.48475072
  2.10539461,   0.49132865
  2.11038961,   0.49756119
  2.11538462,   0.50345711
  2.12037962,   0.50902664
  2.12537463,   0.51428124
  2.13036963,   0.51923340
  2.13536464,   0.52389644
  2.14035964,   0.52828429
  2.14535465,   0.53241134
  2.15034965,   0.53629224
  2.15534466,   0.53994170
  2.16033966,   0.54337438
  2.16533467,   0.54660476
  2.17032967,   0.54964694
  2.17532468,   0.55251462
  2.18031968,   0.55522096
  2.18531469,   0.55777852
  2.19030969,   0.56019921
  2.19530470,   0.56249422
  2.20029970,   0.56467402
  2.20529471,   0.56674835
  2.21028971,   0.56872619
  2.21528472,   0.57061578
  2.22027972,   0.57242467
  2.22527473,   0.57415969
  2.23026973,   0.57582703
  2.23526474,   0.57743227
  2.24025974,   0.57898040
  2.24525475,   0.58047589
  2.25024975,   0.58192274
  2.25524476,   0.58332450
  2.26023976,   0.58468435
  2.26523477,   0.58600513
  2.27022977,   0.58728938
  2.27522478,   0.58853939
  2.28021978,   0.58975725
  2.28521479,   0.59094486
  2.29020979,   0.59210397
  2.29520480,   0.59323623
  2.30019980,   0.59434319
  2.30519481,   0.59542633
  2.31018981,   0.59648708
  2.31518482,   0.59752683
  2.32017982,   0.59854696
  2.32517483,   0.59954880
  2.33016983,   0.60053371
  2.33516484,   0.60150302
  2.34015984,   0.60245806
  2.34515485,   0.60340015
  2.35014985,   0.60433063
  2.35514486,   0.60525081
  2.36013986,   0.60616200
  2.36513487,   0.60706549
  2.37012987,   0.60796257
  2.37512488,   0.60885449
  2.38011988,   0.60974250
  2.38511489,   0.61062779
  2.39010989,   0.61151155
  2.39510490,   0.61239490
  2.40009990,   0.61327896
  2.40509491,   0.61416476
  2.41008991,   0.61505333
  2.41508492,   0.61594562
  2.42007992,   0.61684255
  2.42507493,   0.61774498
  2.43006993,   0.61865371
  2.43506494,   0.61956952
  2.44005994,   0.62049311
  2.44505495,   0.62142514
  2.45004995,   0.62236621
  2.45504496,   0.62331689
  2.46003996,   0.62427767
  2.46503497,   0.62524903
  2.47002997,   0.62623138
  2.47502498,   0.62722510
  2.48001998,   0.62823052
  2.48501499,   0.62924793
  2.49000999,   0.63027758
  2.49500500,   0.63131970
  2.50000000,   0.63237448
  2.50499500,   0.63344206
  2.50999001,   0.63452257
  2.51498501,   0.63561612
  2.51998002,   0.63672276
  2.52497502,   0.63784255
  2.52997003,   0.63897551
  2.53496503,   0.64012165
  2.53996004,   0.64128094
  2.54495504,   0.64245336
  2.54995005,   0.64363886
  2.55494505,   0.64483737
  2.55994006,   0.64604880
  2.56493506,   0.64727308
  2.56993007,   0.64851010
  2.57492507,   0.64975973
  2.57992008,   0.65102186
  2.58491508,   0.65229634
  2.58991009,   0.65358304
  2.59490509,   0.65488180
  2.59990010,   0.65619247
  2.60489510,   0.65751487
  2.60989011,   0.65884883
  2.61488511,   0.66019418
  2.61988012,   0.66155071
  2.62487512,   0.66291825
  2.62987013,   0.66429659
  2.63486513,   0.66568552
  2.63986014,   0.66708485
  2.64485514,   0.66849435
  2.64985015,   0.66991381
  2.65484515,   0.67134299
  2.65984016,   0.67278168
  2.66483516,   0.67422963
  2.66983017,   0.67568661
  2.67482517,   0.67715237
  2.67982018,   0.67862667
  2.68481518,   0.68010924
  2.68981019,   0.68159983
  2.69480519,   0.68309817
  2.69980020,   0.68460399
  2.70479520,   0.68611703
  2.70979021,   0.68763699
  2.71478521,   0.68916359
  2.71978022,   0.69069655
  2.72477522,   0.69223557
  2.72977023,   0.69378034
  2.73476523,   0.69533056
  2.73976024,   0.69688592
  2.74475524,   0.69844610
  2.74975025,   0.70001077
  2.75474525,   0.70157962
  2.75974026,   0.70315231
  2.76473526,   0.70472849
  2.76973027,   0.70630783
  2.77472527,   0.70788998
  2.77972028,   0.70947459
  2.78471528,   0.71106129
  2.78971029,   0.71264972
  2.79470529,   0.71423951
  2.79970030,   0.71583029
  2.80469530,   0.71742169
  2.80969031,   0.71901332
  2.81468531,   0.72060479
  2.81968032,   0.72219571
  2.82467532,   0.72378570
  2.82967033,   0.72537434
  2.83466533,   0.72696124
  2.83966034,   0.72854600
  2.84465534,   0.73012820
  2.84965035,   0.73170743
  2.85464535,   0.73328327
  2.85964036,   0.73485531
  2.86463536,   0.73642314
  2.86963037,   0.73798631
  2.87462537,   0.73954442
  2.87962038,   0.74109702
  2.88461538,   0.74264370
  2.88961039,   0.74418402
  2.89460539,   0.74571756
  2.89960040,   0.74724386
  2.90459540,   0.74876251
  2.90959041,   0.75027307
  2.91458541,   0.75177509
  2.91958042,   0.75326815
  2.92457542,   0.75475180
  2.92957043,   0.75622561
  2.93456543,   0.75768914
  2.93956044,   0.75914195
  2.94455544,   0.76058360
  2.94955045,   0.76201366
  2.95454545,   0.76343168
  2.95954046,   0.76483724
  2.96453546,   0.76622989
  2.96953047,   0.76760921
  2.97452547,   0.76897475
  2.97952048,   0.77032608
  2.98451548,   0.77166278
  2.98951049,   0.77298440
  2.99450549,   0.77429054
  2.99950050,   0.77558074
  3.00449550,   0.77685460
  3.00949051,   0.77811168
  3.01448551,   0.77935157
  3.01948052,   0.78057385
  3.02447552,   0.78177809
  3.02947053,   0.78296389
  3.03446553,   0.78413083
  3.03946054,   0.78527850
  3.04445554,   0.78640650
  3.04945055,   0.78751442
  3.05444555,   0.78860186
  3.05944056,   0.78966843
  3.06443556,   0.79071373
  3.06943057,   0.79173736
  3.07442557,   0.79273895
  3.07942058,   0.79371811
  3.08441558,   0.79467446
  3.08941059,   0.79560762
  3.09440559,   0.79651722
  3.09940060,   0.79740290
  3.10439560,   0.79826428
  3.10939061,   0.79910102
  3.11438561,   0.79991275
  3.11938062,   0.80069913
  3.12437562,   0.80145980
  3.12937063,   0.80219443
  3.13436563,   0.80290268
  3.13936064,   0.80358421
  3.14435564,   0.80423869
  3.14935065,   0.80486581
  3.15434565,   0.80546524
  3.15934066,   0.80603666
  3.16433566,   0.80657976
  3.16933067,   0.80709425
  3.17432567,   0.80757981
  3.17932068,   0.80803614
  3.18431568,   0.80846296
  3.18931069,   0.80885998
  3.19430569,   0.80922690
  3.19930070,   0.80956345
  3.20429570,   0.80986934
  3.20929071,   0.81014432
  3.21428571,   0.81038810
  3.21928072,   0.81060043
  3.22427572,   0.81078103
  3.22927073,   0.81092966
  3.23426573,   0.81104606
  3.23926074,   0.81112997
  3.24425574,   0.81118116
  3.24925075,   0.81119938
  3.25424575,   0.81118439
  3.25924076,   0.81113595
  3.26423576,   0.81105383
  3.26923077,   0.81093780
  3.27422577,   0.81078764
  3.27922078,   0.81060313
  3.28421578,   0.81038403
  3.28921079,   0.81013015
  3.29420579,   0.80984127
  3.29920080,   0.80951718
  3.30419580,   0.80915767
  3.30919081,   0.80876254
  3.31418581,   0.80833160
  3.31918082,   0.80786465
  3.32417582,   0.80736149
  3.32917083,   0.80682194
  3.33416583,   0.80624581
  3.33916084,   0.80563292
  3.34415584,   0.80498310
  3.34915085,   0.80429616
  3.35414585,   0.80357194
  3.35914086,   0.80281026
  3.36413586,   0.80201095
  3.36913087,   0.80117387
  3.37412587,   0.80029884
  3.37912088,   0.79938570
  3.38411588,   0.79843431
  3.38911089,   0.79744451
  3.39410589,   0.79641615
  3.39910090,   0.79534908
  3.40409590,   0.79424317
  3.40909091,   0.79309826
  3.41408591,   0.79191422
  3.41908092,   0.79069091
  3.42407592,   0.78942819
  3.42907093,   0.78812593
  3.43406593,   0.78678399
  3.43906094,   0.78540225
  3.44405594,   0.78398056
  3.44905095,   0.78251881
  3.45404595,   0.78101686
  3.45904096,   0.77947458
  3.46403596,   0.77789186
  3.46903097,   0.77626854
  3.47402597,   0.77460453
  3.47902098,   0.77289967
  3.48401598,   0.77115385
  3.48901099,   0.76936694
  3.49400599,   0.76753882
  3.49900100,   0.76566934
  3.50399600,   0.76375840
  3.50899101,   0.76180584
  3.51398601,   0.75981155
  3.51898102,   0.75777539
  3.52397602,   0.75569724
  3.52897103,   0.75357695
  3.53396603,   0.75141439
  3.53896104,   0.74920943
  3.54395604,   0.74696193
  3.54895105,   0.74467175
  3.55394605,   0.74233876
  3.55894106,   0.73996281
  3.56393606,   0.73754377
  3.56893107,   0.73508148
  3.57392607,   0.73257582
  3.57892108,   0.73002663
  3.58391608,   0.72743376
  3.58891109,   0.72479708
  3.59390609,   0.72211644
  3.59890110,   0.71939169
  3.60389610,   0.71662269
  3.60889111,   0.71380928
  3.61388611,   0.71095132
  3.61888112,   0.70804866
  3.62387612,   0.70510117
  3.62887113,   0.70210868
  3.63386613,   0.69907106
  3.63886114,   0.69598816
  3.64385614,   0.69285985
  3.64885115,   0.68968597
  3.65384615,   0.68646639
  3.65884116,   0.68320097
  3.66383616,   0.67988959
  3.66883117,   0.67653210
  3.67382617,   0.67312838
  3.67882118,   0.66967831
  3.68381618,   0.66618176
  3.68881119,   0.66263861
  3.69380619,   0.65904877
  3.69880120,   0.65541211
  3.70379620,   0.65172854
  3.70879121,   0.64799796
  3.71378621,   0.64422029
  3.71878122,   0.64039545
  3.72377622,   0.63652335
  3.72877123,   0.63260394
  3.73376623,   0.62863716
  3.73876124,   0.62462296
  3.74375624,   0.62056130
  3.74875125,   0.61645216
  3.75374625,   0.61229552
  3.75874126,   0.60809138
  3.76373626,   0.60383974
  3.76873127,   0.59954063
  3.77372627,   0.59519408
  3.77872128,   0.59080015
  3.78371628,   0.58635889
  3.78871129,   0.58187038
  3.79370629,   0.57733474
  3.79870130,   0.57275207
  3.80369630,   0.56812251
  3.80869131,   0.56344621
  3.81368631,   0.55872335
  3.81868132,   0.55395413
  3.82367632,   0.54913876
  3.82867133,   0.54427749
  3.83366633,   0.53937058
  3.83866134,   0.53441833
  3.84365634,   0.52942105
  3.84865135,   0.52437909
  3.85364635,   0.51929281
  3.85864136,   0.51416264
  3.86363636,   0.50898899
  3.86863137,   0.50377233
  3.87362637,   0.49851317
  3.87862138,   0.49321202
  3.88361638,   0.48786947
  3.88861139,   0.48248611
  3.89360639,   0.47706257
  3.89860140,   0.47159955
  3.90359640,   0.46609775
  3.90859141,   0.46055794
  3.91358641,   0.45498091
  3.91858142,   0.44936752
  3.92357642,   0.44371863
  3.92857143,   0.43803520
  3.93356643,   0.43231819
  3.93856144,   0.42656864
  3.94355644,   0.42078761
  3.94855145,   0.41497623
  3.95354645,   0.40913568
  3.95854146,   0.40326719
  3.96353646,   0.39737202
  3.96853147,   0.39145152
  3.97352647,   0.38550707
  3.97852148,   0.37954011
  3.98351648,   0.37355214
  3.98851149,   0.36754471
  3.99350649,   0.36151944
  3.99850150,   0.35547798
  4.00349650,   0.34942206
  4.00849151,   0.34335348
  4.01348651,   0.33727406
  4.01848152,   0.33118571
  4.02347652,   0.32509038
  4.02847153,   0.31899009
  4.03346653,   0.31288692
  4.03846154,   0.30678298
  4.04345654,   0.30068047
  4.04845155,   0.29458163
  4.05344655,   0.28848874
  4.05844156,   0.28240416
  4.06343656,   0.27633027
  4.06843157,   0.27026954
  4.07342657,   0.26422445
  4.07842158,   0.25819754
  4.08341658,   0.25219139
  4.08841159,   0.24620863
  4.09340659,   0.24025191
  4.09840160,   0.23432392
  4.10339660,   0.22842738
  4.10839161,   0.22256505
  4.11338661,   0.21673968
  4.11838162,   0.21095408
  4.12337662,   0.20521104
  4.12837163,   0.19951336
  4.13336663,   0.19386387
  4.13836164,   0.18826536
  4.14335664,   0.18272065
  4.14835165,   0.17723253
  4.15334665,   0.17180375
  4.15834166,   0.16643706
  4.16333666,   0.16113518
  4.16833167,   0.15590077
  4.17332667,   0.15073646
  4.17832168,   0.14564482
  4.18331668,   0.14062836
  4.18831169,   0.13568953
  4.19330669,   0.13083070
  4.19830170,   0.12605417
  4.20329670,   0.12136213
  4.20829171,   0.11675670
  4.21328671,   0.11223989
  4.21828172,   0.10781359
  4.22327672,   0.10347960
  4.22827173,   0.09923958
  4.23326673,   0.09509507
  4.23826174,   0.09104749
  4.24325674,   0.08709810
  4.24825175,   0.08324803
  4.25324675,   0.07949829
  4.25824176,   0.07584970
  4.26323676,   0.07230294
  4.26823177,   0.06885856
  4.27322677,   0.06551692
  4.27822178,   0.06227824
  4.28321678,   0.05914257
  4.28821179,   0.05610981
  4.29320679,   0.05317969
  4.29820180,   0.05035180
  4.30319680,   0.04762554
  4.30819181,   0.04500019
  4.31318681,   0.04247487
  4.31818182,   0.04004853
  4.32317682,   0.03772001
  4.32817183,   0.03548798
  4.33316683,   0.03335099
  4.33816184,   0.03130748
  4.34315684,   0.02935574
  4.34815185,   0.02749396
  4.35314685,   0.02572022
  4.35814186,   0.02403250
  4.36313686,   0.02242870
  4.36813187,   0.02090663
  4.37312687,   0.01946403
  4.37812188,   0.01809855
  4.38311688,   0.01680783
  4.38811189,   0.01558943
  4.39310689,   0.01444087
  4.39810190,   0.01335965
  4.40309690,   0.01234327
  4.40809191,   0.01138917
  4.41308691,   0.01049483
  4.41808192,   0.00965772
  4.42307692,   0.00887532
  4.42807193,   0.00814512
  4.43306693,   0.00746466
  4.43806194,   0.00683149
  4.44305694,   0.00624323
  4.44805195,   0.00569752
  4.45304695,   0.00519205
  4.45804196,   0.00472459
  4.46303696,   0.00429295
  4.46803197,   0.00389502
  4.47302697,   0.00352874
  4.47802198,   0.00319213
  4.48301698,   0.00288329
  4.48801199,   0.00260038
  4.49300699,   0.00234165
  4.49800200,   0.00210542
  4.50299700,   0.00189009
  4.50799201,   0.00169414
  4.51298701,   0.00151612
  4.51798202,   0.00135466
  4.52297702,   0.00120847
  4.52797203,   0.00107633
  4.53296703,   0.00095710
  4.53796204,   0.00084969
  4.54295704,   0.00075311
  4.54795205,   0.00066641
  4.55294705,   0.00058872
  4.55794206,   0.00051922
  4.56293706,   0.00045716
  4.56793207,   0.00040185
  4.57292707,   0.00035263
  4.57792208,   0.00030892
  4.58291708,   0.00027016
  4.58791209,   0.00023586
  4.59290709,   0.00020556
  4.59790210,   0.00017885
  4.60289710,   0.00015533
  4.60789211,   0.00013468
  4.61288711,   0.00011656
  4.61788212,   0.00010070
  4.62287712,   0.00008685
  4.62787213,   0.00007477
  4.63286713,   0.00006426
  4.63786214,   0.00005512
  4.64285714,   0.00004720
  4.64785215,   0.00004034
  4.65284715,   0.00003442
  4.65784216,   0.00002931
  4.66283716,   0.00002492
  4.66783217,   0.00002115
  4.67282717,   0.00001791
  4.67782218,   0.00001514
  4.68281718,   0.00001278
  4.68781219,   0.00001076
  4.69280719,   0.00000905
  4.69780220,   0.00000759
  4.70279720,   0.00000636
  4.70779221,   0.00000532
  4.71278721,   0.00000444
  4.71778222,   0.00000369
  4.72277722,   0.00000307
  4.72777223,   0.00000255
  4.73276723,   0.00000211
  4.73776224,   0.00000174
  4.74275724,   0.00000144
  4.74775225,   0.00000118
  4.75274725,   0.00000097
  4.75774226,   0.00000080
  4.76273726,   0.00000065
  4.76773227,   0.00000053
  4.77272727,   0.00000044
  4.77772228,   0.00000035
  4.78271728,   0.00000029
  4.78771229,   0.00000023
  4.79270729,   0.00000019
  4.79770230,   0.00000015
  4.80269730,   0.00000012
  4.80769231,   0.00000010
  4.81268731,   0.00000008
  4.81768232,   0.00000006
  4.82267732,   0.00000005
  4.82767233,   0.00000004
  4.83266733,   0.00000003
  4.83766234,   0.00000003
  4.84265734,   0.00000002
  4.84765235,   0.00000002
  4.85264735,   0.00000001
  4.85764236,   0.00000001
  4.86263736,   0.00000001
  4.86763237,   0.00000001
  4.87262737,   0.00000000
  4.87762238,   0.00000000
  4.88261738,   0.00000000
  4.88761239,   0.00000000
  4.89260739,   0.00000000
  4.89760240,   0.00000000
  4.90259740,   0.00000000
  4.90759241,   0.00000000
  4.91258741,   0.00000000
  4.91758242,   0.00000000
  4.92257742,   0.00000000
  4.92757243,   0.00000000
  4.93256743,   0.00000000
  4.93756244,   0.00000000
  4.94255744,   0.00000000
  4.94755245,   0.00000000
  4.95254745,   0.00000000
  4.95754246,   0.00000000
  4.96253746,   0.00000000
  4.96753247,   0.00000000
  4.97252747,   0.00000000
  4.97752248,   0.00000000
  4.98251748,   0.00000000
  4.98751249,   0.00000000
  4.99250749,   0.00000000
  4.99750250,   0.00000000
  5.00249750,   0.00000000
  5.00749251,   0.00000000
  5.01248751,   0.00000000
  5.01748252,   0.00000000
  5.02247752,   0.00000000
  5.02747253,   0.00000000
  5.03246753,   0.00000000
  5.03746254,   0.00000000
  5.04245754,   0.00000000
  5.04745255,   0.00000000
  5.05244755,   0.00000000
  5.05744256,   0.00000000
  5.06243756,   0.00000000
  5.06743257,   0.00000000
  5.07242757,   0.00000000
  5.07742258,   0.00000000
  5.08241758,   0.00000000
  5.08741259,   0.00000000
  5.09240759,   0.00000000
  5.09740260,   0.00000000
  5.10239760,   0.00000000
  5.10739261,   0.00000000
  5.11238761,   0.00000000
  5.11738262,   0.00000000
  5.12237762,   0.00000000
  5.12737263,   0.00000000
  5.13236763,   0.00000000
  5.13736264,   0.00000000
  5.14235764,   0.00000000
  5.14735265,   0.00000000
  5.15234765,   0.00000000
  5.15734266,   0.00000000
  5.16233766,   0.00000000
  5.16733267,   0.00000000
  5.17232767,   0.00000000
  5.17732268,   0.00000000
  5.18231768,   0.00000000
  5.18731269,   0.00000000
  5.19230769,   0.00000000
  5.19730270,   0.00000000
  5.20229770,   0.00000000
  5.20729271,   0.00000000
  5.21228771,   0.00000000
  5.21728272,   0.00000000
  5.22227772,   0.00000000
  5.22727273,   0.00000000
  5.23226773,   0.00000000
  5.23726274,   0.00000000
  5.24225774,   0.00000000
  5.24725275,   0.00000000
  5.25224775,   0.00000000
  5.25724276,   0.00000000
  5.26223776,   0.00000000
  5.26723277,   0.00000000
  5.27222777,   0.00000000
  5.27722278,   0.00000000
  5.28221778,   0.00000000
  5.28721279,   0.00000000
  5.29220779,   0.00000000
  5.29720280,   0.00000000
  5.30219780,   0.00000000
  5.30719281,   0.00000000
  5.31218781,   0.00000000
  5.31718282,   0.00000000
  5.32217782,   0.00000000
  5.32717283,   0.00000000
  5.33216783,   0.00000000
  5.33716284,   0.00000000
  5.34215784,   0.00000000
  5.34715285,   0.00000000
  5.35214785,   0.00000000
  5.35714286,   0.00000000
  5.36213786,   0.00000000
  5.36713287,   0.00000000
  5.37212787,   0.00000000
  5.37712288,   0.00000000
  5.38211788,   0.00000000
  5.38711289,   0.00000000
  5.39210789,   0.00000000
  5.39710290,   0.00000000
  5.40209790,   0.00000000
  5.40709291,   0.00000000
  5.41208791,   0.00000000
  5.41708292,   0.00000000
  5.42207792,   0.00000000
  5.42707293,   0.00000000
  5.43206793,   0.00000000
  5.43706294,   0.00000000
  5.44205794,   0.00000000
  5.44705295,   0.00000000
  5.45204795,   0.00000000
  5.45704296,   0.00000000
  5.46203796,   0.00000000
  5.46703297,   0.00000000
  5.47202797,   0.00000000
  5.47702298,   0.00000000
  5.48201798,   0.00000000
  5.48701299,   0.00000000
  5.49200799,   0.00000000
  5.49700300,   0.00000000
  5.50199800,   0.00000000
  5.50699301,   0.00000000
  5.51198801,   0.00000000
  5.51698302,   0.00000000
  5.52197802,   0.00000000
  5.52697303,   0.00000000
  5.53196803,   0.00000000
  5.53696304,   0.00000000
  5.54195804,   0.00000000
  5.54695305,   0.00000000
  5.55194805,   0.00000000
  5.55694306,   0.00000000
  5.56193806,   0.00000000
  5.56693307,   0.00000000
  5.57192807,   0.00000000
  5.57692308,   0.00000000
  5.58191808,   0.00000000
  5.58691309,   0.00000000
  5.59190809,   0.00000000
  5.59690310,   0.00000000
  5.60189810,   0.00000000
  5.60689311,   0.00000000
  5.61188811,   0.00000000
  5.61688312,   0.00000000
  5.62187812,   0.00000000
  5.62687313,   0.00000000
  5.63186813,   0.00000000
  5.63686314,   0.00000000
  5.64185814,   0.00000000
  5.64685315,   0.00000000
  5.65184815,   0.00000000
  5.65684316,   0.00000000
  5.66183816,   0.00000000
  5.66683317,   0.00000000
  5.67182817,   0.00000000
  5.67682318,   0.00000000
  5.68181818,   0.00000000
  5.68681319,   0.00000000
  5.69180819,   0.00000000
  5.69680320,   0.00000000
  5.70179820,   0.00000000
  5.70679321,   0.00000000
  5.71178821,   0.00000000
  5.71678322,   0.00000000
  5.72177822,   0.00000000
  5.72677323,   0.00000000
  5.73176823,   0.00000000
  5.73676324,   0.00000000
  5.74175824,   0.00000000
  5.74675325,   0.00000000
  5.75174825,   0.00000000
  5.75674326,   0.00000000
  5.76173826,   0.00000000
  5.76673327,   0.00000000
  5.77172827,   0.00000000
  5.77672328,   0.00000000
  5.78171828,   0.00000000
  5.78671329,   0.00000000
  5.79170829,   0.00000000
  5.79670330,   0.00000000
  5.80169830,   0.00000000
  5.80669331,   0.00000000
  5.81168831,   0.00000000
  5.81668332,   0.00000000
  5.82167832,   0.00000000
  5.82667333,   0.00000000
  5.83166833,   0.00000000
  5.83666334,   0.00000000
  5.84165834,   0.00000000
  5.84665335,   0.00000000
  5.85164835,   0.00000000
  5.85664336,   0.00000000
  5.86163836,   0.00000000
  5.86663337,   0.00000000
  5.87162837,   0.00000000
  5.87662338,   0.00000000
  5.88161838,   0.00000000
  5.88661339,   0.00000000
  5.89160839,   0.00000000
  5.89660340,   0.00000000
  5.90159840,   0.00000000
  5.90659341,   0.00000000
  5.91158841,   0.00000000
  5.91658342,   0.00000000
  5.92157842,   0.00000000
  5.92657343,   0.00000000
  5.93156843,   0.00000000
  5.93656344,   0.00000000
  5.94155844,   0.00000000
  5.94655345,   0.00000000
  5.95154845,   0.00000000
  5.95654346,   0.00000000
  5.96153846,   0.00000000
  5.96653347,   0.00000000
  5.97152847,   0.00000000
  5.97652348,   0.00000000
  5.98151848,   0.00000000
  5.98651349,   0.00000000
  5.99150849,   0.00000000
  5.99650350,   0.00000000
  6.00149850,   0.00000000
  6.00649351,   0.00000000
  6.01148851,   0.00000000
  6.01648352,   0.00000000
  6.02147852,   0.00000000
  6.02647353,   0.00000000
  6.03146853,   0.00000000
  6.03646354,   0.00000000
  6.04145854,   0.00000000
  6.04645355,   0.00000000
  6.05144855,   0.00000000
  6.05644356,   0.00000000
  6.06143856,   0.00000000
  6.06643357,   0.00000000
  6.07142857,   0.00000000
  6.07642358,   0.00000000
  6.08141858,   0.00000000
  6.08641359,   0.00000000
  6.09140859,   0.00000000
  6.09640360,   0.00000000
  6.10139860,   0.00000000
  6.10639361,   0.00000000
  6.11138861,   0.00000000
  6.11638362,   0.00000000
  6.12137862,   0.00000000
  6.12637363,   0.00000000
  6.13136863,   0.00000000
  6.13636364,   0.00000000
  6.14135864,   0.00000000
  6.14635365,   0.00000000
  6.15134865,   0.00000000
  6.15634366,   0.00000000
  6.16133866,   0.00000000
  6.16633367,   0.00000000
  6.17132867,   0.00000000
  6.17632368,   0.00000000
  6.18131868,   0.00000000
  6.18631369,   0.00000000
  6.19130869,   0.00000000
  6.19630370,   0.00000000
  6.20129870,   0.00000000
  6.20629371,   0.00000000
  6.21128871,   0.00000000
  6.21628372,   0.00000000
  6.22127872,   0.00000000
  6.22627373,   0.00000000
  6.23126873,   0.00000000
  6.23626374,   0.00000000
  6.24125874,   0.00000000
  6.24625375,   0.00000000
  6.25124875,   0.00000000
  6.25624376,   0.00000000
  6.26123876,   0.00000000
  6.26623377,   0.00000000
  6.27122877,   0.00000000
  6.27622378,   0.00000000
  6.28121878,   0.00000000
  6.28621379,   0.00000000
  6.29120879,   0.00000000
  6.29620380,   0.00000000
  6.30119880,   0.00000000
  6.30619381,   0.00000000
  6.31118881,   0.00000000
  6.31618382,   0.00000000
  6.32117882,   0.00000000
  6.32617383,   0.00000000
  6.33116883,   0.00000000
  6.33616384,   0.00000000
  6.34115884,   0.00000000
  6.34615385,   0.00000000
  6.35114885,   0.00000000
  6.35614386,   0.00000000
  6.36113886,   0.00000000
  6.36613387,   0.00000000
  6.37112887,   0.00000000
  6.37612388,   0.00000000
  6.38111888,   0.00000000
  6.38611389,   0.00000000
  6.39110889,   0.00000000
  6.39610390,   0.00000000
  6.40109890,   0.00000000
  6.40609391,   0.00000000
  6.41108891,   0.00000000
  6.41608392,   0.00000000
  6.42107892,   0.00000000
  6.42607393,   0.00000000
  6.43106893,   0.00000000
  6.43606394,   0.00000000
  6.44105894,   0.00000000
  6.44605395,   0.00000000
  6.45104895,   0.00000000
  6.45604396,   0.00000000
  6.46103896,   0.00000000
  6.46603397,   0.00000000
  6.47102897,   0.00000000
  6.47602398,   0.00000000
  6.48101898,   0.00000000
  6.48601399,   0.00000000
  6.49100899,   0.00000000
  6.49600400,   0.00000000
  6.50099900,   0.00000000
  6.50599401,   0.00000000
  6.51098901,   0.00000000
  6.51598402,   0.00000000
  6.52097902,   0.00000000
  6.52597403,   0.00000000
  6.53096903,   0.00000000
  6.53596404,   0.00000000
  6.54095904,   0.00000000
  6.54595405,   0.00000000
  6.55094905,   0.00000000
  6.55594406,   0.00000000
  6.56093906,   0.00000000
  6.56593407,   0.00000000
  6.57092907,   0.00000000
  6.57592408,   0.00000000
  6.58091908,   0.00000000
  6.58591409,   0.00000000
  6.59090909,   0.00000000
  6.59590410,   0.00000000
  6.60089910,   0.00000000
  6.60589411,   0.00000000
  6.61088911,   0.00000000
  6.61588412,   0.00000000
  6.62087912,   0.00000000
  6.62587413,   0.00000000
  6.63086913,   0.00000000
  6.63586414,   0.00000000
  6.64085914,   0.00000000
  6.64585415,   0.00000000
  6.65084915,   0.00000000
  6.65584416,   0.00000000
  6.66083916,   0.00000000
  6.66583417,   0.00000000
  6.67082917,   0.00000000
  6.67582418,   0.00000000
  6.68081918,   0.00000000
  6.68581419,   0.00000000
  6.69080919,   0.00000000
  6.69580420,   0.00000000
  6.70079920,   0.00000000
  6.70579421,   0.00000000
  6.71078921,   0.00000000
  6.71578422,   0.00000000
  6.72077922,   0.00000000
  6.72577423,   0.00000000
  6.73076923,   0.00000000
  6.73576424,   0.00000000
  6.74075924,   0.00000000
  6.74575425,   0.00000000
  6.75074925,   0.00000000
  6.75574426,   0.00000000
  6.76073926,   0.00000000
  6.76573427,   0.00000000
  6.77072927,   0.00000000
  6.77572428,   0.00000000
  6.78071928,   0.00000000
  6.78571429,   0.00000000
  6.79070929,   0.00000000
  6.79570430,   0.00000000
  6.80069930,   0.00000000
  6.80569431,   0.00000000
  6.81068931,   0.00000000
  6.81568432,   0.00000000
  6.82067932,   0.00000000
  6.82567433,   0.00000000
  6.83066933,   0.00000000
  6.83566434,   0.00000000
  6.84065934,   0.00000000
  6.84565435,   0.00000000
  6.85064935,   0.00000000
  6.85564436,   0.00000000
  6.86063936,   0.00000000
  6.86563437,   0.00000000
  6.87062937,   0.00000000
  6.87562438,   0.00000000
  6.88061938,   0.00000000
  6.88561439,   0.00000000
  6.89060939,   0.00000000
  6.89560440,   0.00000000
  6.90059940,   0.00000000
  6.90559441,   0.00000000
  6.91058941,   0.00000000
  6.91558442,   0.00000000
  6.92057942,   0.00000000
  6.92557443,   0.00000000
  6.93056943,   0.00000000
  6.93556444,   0.00000000
  6.94055944,   0.00000000
  6.94555445,   0.00000000
  6.95054945,   0.00000000
  6.95554446,   0.00000000
  6.96053946,   0.00000000
  6.96553447,   0.00000000
  6.97052947,   0.00000000
  6.97552448,   0.00000000
  6.98051948,   0.00000000
  6.98551449,   0.00000000
  6.99050949,   0.00000000
  6.99550450,   0.00000000
  7.00049950,   0.00000000
  7.00549451,   0.00000000
  7.01048951,   0.00000000
  7.01548452,   0.00000000
  7.02047952,   0.00000000
  7.02547453,   0.00000000
  7.03046953,   0.00000000
  7.03546454,   0.00000000
  7.04045954,   0.00000000
  7.04545455,   0.00000000
  7.05044955,   0.00000000
  7.05544456,   0.00000000
  7.06043956,   0.00000000
  7.06543457,   0.00000000
  7.07042957,   0.00000000
  7.07542458,   0.00000000
  7.08041958,   0.00000000
  7.08541459,   0.00000000
  7.09040959,   0.00000000
  7.09540460,   0.00000000
  7.10039960,   0.00000000
  7.10539461,   0.00000000
  7.11038961,   0.00000000
  7.11538462,   0.00000000
  7.12037962,   0.00000000
  7.12537463,   0.00000000
  7.13036963,   0.00000000
  7.13536464,   0.00000000
  7.14035964,   0.00000000
  7.14535465,   0.00000000
  7.15034965,   0.00000000
  7.15534466,   0.00000000
  7.16033966,   0.00000000
  7.16533467,   0.00000000
  7.17032967,   0.00000000
  7.17532468,   0.00000000
  7.18031968,   0.00000000
  7.18531469,   0.00000000
  7.19030969,   0.00000000
  7.19530470,   0.00000000
  7.20029970,   0.00000000
  7.20529471,   0.00000000
  7.21028971,   0.00000000
  7.21528472,   0.00000000
  7.22027972,   0.00000000
  7.22527473,   0.00000000
  7.23026973,   0.00000000
  7.23526474,   0.00000000
  7.24025974,   0.00000000
  7.24525475,   0.00000000
  7.25024975,   0.00000000
  7.25524476,   0.00000000
  7.26023976,   0.00000000
  7.26523477,   0.00000000
  7.27022977,   0.00000000
  7.27522478,   0.00000000
  7.28021978,   0.00000000
  7.28521479,   0.00000000
  7.29020979,   0.00000000
  7.29520480,   0.00000000
  7.30019980,   0.00000000
  7.30519481,   0.00000000
  7.31018981,   0.00000000
  7.31518482,   0.00000000
  7.32017982,   0.00000000
  7.32517483,   0.00000000
  7.33016983,   0.00000000
  7.33516484,   0.00000000
  7.34015984,   0.00000000
  7.34515485,   0.00000000
  7.35014985,   0.00000000
  7.35514486,   0.00000000
  7.36013986,   0.00000000
  7.36513487,   0.00000000
  7.37012987,   0.00000000
  7.37512488,   0.00000000
  7.38011988,   0.00000000
  7.38511489,   0.00000000
  7.39010989,   0.00000000
  7.39510490,   0.00000000
  7.40009990,   0.00000000
  7.40509491,   0.00000000
  7.41008991,   0.00000000
  7.41508492,   0.00000000
  7.42007992,   0.00000000
  7.42507493,   0.00000000
  7.43006993,   0.00000000
  7.43506494,   0.00000000
  7.44005994,   0.00000000
  7.44505495,   0.00000000
  7.45004995,   0.00000000
  7.45504496,   0.00000000
  7.46003996,   0.00000000
  7.46503497,   0.00000000
  7.47002997,   0.00000000
  7.47502498,   0.00000000
  7.48001998,   0.00000000
  7.48501499,   0.00000000
  7.49000999,   0.00000000
  7.49500500,   0.00000000
  7.50000000,   0.00000000
  7.50499500,   0.00000000
  7.50999001,   0.00000000
  7.51498501,   0.00000000
  7.51998002,   0.00000000
  7.52497502,   0.00000000
  7.52997003,   0.00000000
  7.53496503,   0.00000000
  7.53996004,   0.00000000
  7.54495504,   0.00000000
  7.54995005,   0.00000000
  7.55494505,   0.00000000
  7.55994006,   0.00000000
  7.56493506,   0.00000000
  7.56993007,   0.00000000
  7.57492507,   0.00000000
  7.57992008,   0.00000000
  7.58491508,   0.00000000
  7.58991009,   0.00000000
  7.59490509,   0.00000000
  7.59990010,   0.00000000
  7.60489510,   0.00000000
  7.60989011,   0.00000000
  7.61488511,   0.00000000
  7.61988012,   0.00000000
  7.62487512,   0.00000000
  7.62987013,   0.00000000
  7.63486513,   0.00000000
  7.63986014,   0.00000000
  7.64485514,   0.00000000
  7.64985015,   0.00000000
  7.65484515,   0.00000000
  7.65984016,   0.00000000
  7.66483516,   0.00000000
  7.66983017,   0.00000000
  7.67482517,   0.00000000
  7.67982018,   0.00000000
  7.68481518,   0.00000000
  7.68981019,   0.00000000
  7.69480519,   0.00000000
  7.69980020,   0.00000000
  7.70479520,   0.00000000
  7.70979021,   0.00000000
  7.71478521,   0.00000000
  7.71978022,   0.00000000
  7.72477522,   0.00000000
  7.72977023,   0.00000000
  7.73476523,   0.00000000
  7.73976024,   0.00000000
  7.74475524,   0.00000000
  7.74975025,   0.00000000
  7.75474525,   0.00000000
  7.75974026,   0.00000000
  7.76473526,   0.00000000
  7.76973027,   0.00000000
  7.77472527,   0.00000000
  7.77972028,   0.00000000
  7.78471528,   0.00000000
  7.78971029,   0.00000000
  7.79470529,   0.00000000
  7.79970030,   0.00000000
  7.80469530,   0.00000000
  7.80969031,   0.00000000
  7.81468531,   0.00000000
  7.81968032,   0.00000000
  7.82467532,   0.00000000
  7.82967033,   0.00000000
  7.83466533,   0.00000000
  7.83966034,   0.00000000
  7.84465534,   0.00000000
  7.84965035,   0.00000000
  7.85464535,   0.00000000
  7.85964036,   0.00000000
  7.86463536,   0.00000000
  7.86963037,   0.00000000
  7.87462537,   0.00000000
  7.87962038,   0.00000000
  7.88461538,   0.00000000
  7.88961039,   0.00000000
  7.89460539,   0.00000000
  7.89960040,   0.00000000
  7.90459540,   0.00000000
  7.90959041,   0.00000000
  7.91458541,   0.00000000
  7.91958042,   0.00000000
  7.92457542,   0.00000000
  7.92957043,   0.00000000
  7.93456543,   0.00000000
  7.93956044,   0.00000000
  7.94455544,   0.00000000
  7.94955045,   0.00000000
  7.95454545,   0.00000000
  7.95954046,   0.00000000
  7.96453546,   0.00000000
  7.96953047,   0.00000000
  7.97452547,   0.00000000
  7.97952048,   0.00000000
  7.98451548,   0.00000000
  7.98951049,   0.00000000
  7.99450549,   0.00000000
  7.99950050,   0.00000000
  8.00449550,   0.00000000
  8.00949051,   0.00000000
  8.01448551,   0.00000000
  8.01948052,   0.00000000
  8.02447552,   0.00000000
  8.02947053,   0.00000000
  8.03446553,   0.00000000
  8.03946054,   0.00000000
  8.04445554,   0.00000000
  8.04945055,   0.00000000
  8.05444555,   0.00000000
  8.05944056,   0.00000000
  8.06443556,   0.00000000
  8.06943057,   0.00000000
  8.07442557,   0.00000000
  8.07942058,   0.00000000
  8.08441558,   0.00000000
  8.08941059,   0.00000000
  8.09440559,   0.00000000
  8.09940060,   0.00000000
  8.10439560,   0.00000000
  8.10939061,   0.00000000
  8.11438561,   0.00000000
  8.11938062,   0.00000000
  8.12437562,   0.00000000
  8.12937063,   0.00000000
  8.13436563,   0.00000000
  8.13936064,   0.00000000
  8.14435564,   0.00000000
  8.14935065,   0.00000000
  8.15434565,   0.00000000
  8.15934066,   0.00000000
  8.16433566,   0.00000000
  8.16933067,   0.00000000
  8.17432567,   0.00000000
  8.17932068,   0.00000000
  8.18431568,   0.00000000
  8.18931069,   0.00000000
  8.19430569,   0.00000000
  8.19930070,   0.00000000
  8.20429570,   0.00000000
  8.20929071,   0.00000000
  8.21428571,   0.00000000
  8.21928072,   0.00000000
  8.22427572,   0.00000000
  8.22927073,   0.00000000
  8.23426573,   0.00000000
  8.23926074,   0.00000000
  8.24425574,   0.00000000
  8.24925075,   0.00000000
  8.25424575,   0.00000000
  8.25924076,   0.00000000
  8.26423576,   0.00000000
  8.26923077,   0.00000000
  8.27422577,   0.00000000
  8.27922078,   0.00000000
  8.28421578,   0.00000000
  8.28921079,   0.00000000
  8.29420579,   0.00000000
  8.29920080,   0.00000000
  8.30419580,   0.00000000
  8.30919081,   0.00000000
  8.31418581,   0.00000000
  8.31918082,   0.00000000
  8.32417582,   0.00000000
  8.32917083,   0.00000000
  8.33416583,   0.00000000
  8.33916084,   0.00000000
  8.34415584,   0.00000000
  8.34915085,   0.00000000
  8.35414585,   0.00000000
  8.35914086,   0.00000000
  8.36413586,   0.00000000
  8.36913087,   0.00000000
  8.37412587,   0.00000000
  8.37912088,   0.00000000
  8.38411588,   0.00000000
  8.38911089,   0.00000000
  8.39410589,   0.00000000
  8.39910090,   0.00000000
  8.40409590,   0.00000000
  8.40909091,   0.00000000
  8.41408591,   0.00000000
  8.41908092,   0.00000000
  8.42407592,   0.00000000
  8.42907093,   0.00000000
  8.43406593,   0.00000000
  8.43906094,   0.00000000
  8.44405594,   0.00000000
  8.44905095,   0.00000000
  8.45404595,   0.00000000
  8.45904096,   0.00000000
  8.46403596,   0.00000000
  8.46903097,   0.00000000
  8.47402597,   0.00000000
  8.47902098,   0.00000000
  8.48401598,   0.00000000
  8.48901099,   0.00000000
  8.49400599,   0.00000000
  8.49900100,   0.00000000
  8.50399600,   0.00000000
  8.50899101,   0.00000000
  8.51398601,   0.00000000
  8.51898102,   0.00000000
  8.52397602,   0.00000000
  8.52897103,   0.00000000
  8.53396603,   0.00000000
  8.53896104,   0.00000000
  8.54395604,   0.00000000
  8.54895105,   0.00000000
  8.55394605,   0.00000000
  8.55894106,   0.00000000
  8.56393606,   0.00000000
  8.56893107,   0.00000000
  8.57392607,   0.00000000
  8.57892108,   0.00000000
  8.58391608,   0.00000000
  8.58891109,   0.00000000
  8.59390609,   0.00000000
  8.59890110,   0.00000000
  8.60389610,   0.00000000
  8.60889111,   0.00000000
  8.61388611,   0.00000000
  8.61888112,   0.00000000
  8.62387612,   0.00000000
  8.62887113,   0.00000000
  8.63386613,   0.00000000
  8.63886114,   0.00000000
  8.64385614,   0.00000000
  8.64885115,   0.00000000
  8.65384615,   0.00000000
  8.65884116,   0.00000000
  8.66383616,   0.00000000
  8.66883117,   0.00000000
  8.67382617,   0.00000000
  8.67882118,   0.00000000
  8.68381618,   0.00000000
  8.68881119,   0.00000000
  8.69380619,   0.00000000
  8.69880120,   0.00000000
  8.70379620,   0.00000000
  8.70879121,   0.00000000
  8.71378621,   0.00000000
  8.71878122,   0.00000000
  8.72377622,   0.00000000
  8.72877123,   0.00000000
  8.73376623,   0.00000000
  8.73876124,   0.00000000
  8.74375624,   0.00000000
  8.74875125,   0.00000000
  8.75374625,   0.00000000
  8.75874126,   0.00000000
  8.76373626,   0.00000000
  8.76873127,   0.00000000
  8.77372627,   0.00000000
  8.77872128,   0.00000000
  8.78371628,   0.00000000
  8.78871129,   0.00000000
  8.79370629,   0.00000000
  8.79870130,   0.00000000
  8.80369630,   0.00000000
  8.80869131,   0.00000000
  8.81368631,   0.00000000
  8.81868132,   0.00000000
  8.82367632,   0.00000000
  8.82867133,   0.00000000
  8.83366633,   0.00000000
  8.83866134,   0.00000000
  8.84365634,   0.00000000
  8.84865135,   0.00000000
  8.85364635,   0.00000000
  8.85864136,   0.00000000
  8.86363636,   0.00000000
  8.86863137,   0.00000000
  8.87362637,   0.00000000
  8.87862138,   0.00000000
  8.88361638,   0.00000000
  8.88861139,   0.00000000
  8.89360639,   0.00000000
  8.89860140,   0.00000000
  8.90359640,   0.00000000
  8.90859141,   0.00000000
  8.91358641,   0.00000000
  8.91858142,   0.00000000
  8.92357642,   0.00000000
  8.92857143,   0.00000000
  8.93356643,   0.00000000
  8.93856144,   0.00000000
  8.94355644,   0.00000000
  8.94855145,   0.00000000
  8.95354645,   0.00000000
  8.95854146,   0.00000000
  8.96353646,   0.00000000
  8.96853147,   0.00000000
  8.97352647,   0.00000000
  8.97852148,   0.00000000
  8.98351648,   0.00000000
  8.98851149,   0.00000000
  8.99350649,   0.00000000
  8.99850150,   0.00000000
  9.00349650,   0.00000000
  9.00849151,   0.00000000
  9.01348651,   0.00000000
  9.01848152,   0.00000000
  9.02347652,   0.00000000
  9.02847153,   0.00000000
  9.03346653,   0.00000000
  9.03846154,   0.00000000
  9.04345654,   0.00000000
  9.04845155,   0.00000000
  9.05344655,   0.00000000
  9.05844156,   0.00000000
  9.06343656,   0.00000000
  9.06843157,   0.00000000
  9.07342657,   0.00000000
  9.07842158,   0.00000000
  9.08341658,   0.00000000
  9.08841159,   0.00000000
  9.09340659,   0.00000000
  9.09840160,   0.00000000
  9.10339660,   0.00000000
  9.10839161,   0.00000000
  9.11338661,   0.00000000
  9.11838162,   0.00000000
  9.12337662,   0.00000000
  9.12837163,   0.00000000
  9.13336663,   0.00000000
  9.13836164,   0.00000000
  9.14335664,   0.00000000
  9.14835165,   0.00000000
  9.15334665,   0.00000000
  9.15834166,   0.00000000
  9.16333666,   0.00000000
  9.16833167,   0.00000000
  9.17332667,   0.00000000
  9.17832168,   0.00000000
  9.18331668,   0.00000000
  9.18831169,   0.00000000
  9.19330669,   0.00000000
  9.19830170,   0.00000000
  9.20329670,   0.00000000
  9.20829171,   0.00000000
  9.21328671,   0.00000000
  9.21828172,   0.00000000
  9.22327672,   0.00000000
  9.22827173,   0.00000000
  9.23326673,   0.00000000
  9.23826174,   0.00000000
  9.24325674,   0.00000000
  9.24825175,   0.00000000
  9.25324675,   0.00000000
  9.25824176,   0.00000000
  9.26323676,   0.00000000
  9.26823177,   0.00000000
  9.27322677,   0.00000000
  9.27822178,   0.00000000
  9.28321678,   0.00000000
  9.28821179,   0.00000000
  9.29320679,   0.00000000
  9.29820180,   0.00000000
  9.30319680,   0.00000000
  9.30819181,   0.00000000
  9.31318681,   0.00000000
  9.31818182,   0.00000000
  9.32317682,   0.00000000
  9.32817183,   0.00000000
  9.33316683,   0.00000000
  9.33816184,   0.00000000
  9.34315684,   0.00000000
  9.34815185,   0.00000000
  9.35314685,   0.00000000
  9.35814186,   0.00000000
  9.36313686,   0.00000000
  9.36813187,   0.00000000
  9.37312687,   0.00000000
  9.37812188,   0.00000000
  9.38311688,   0.00000000
  9.38811189,   0.00000000
  9.39310689,   0.00000000
  9.39810190,   0.00000000
  9.40309690,   0.00000000
  9.40809191,   0.00000000
  9.41308691,   0.00000000
  9.41808192,   0.00000000
  9.42307692,   0.00000000
  9.42807193,   0.00000000
  9.43306693,   0.00000000
  9.43806194,   0.00000000
  9.44305694,   0.00000000
  9.44805195,   0.00000000
  9.45304695,   0.00000000
  9.45804196,   0.00000000
  9.46303696,   0.00000000
  9.46803197,   0.00000000
  9.47302697,   0.00000000
  9.47802198,   0.00000000
  9.48301698,   0.00000000
  9.48801199,   0.00000000
  9.49300699,   0.00000000
  9.49800200,   0.00000000
  9.50299700,   0.00000000
  9.50799201,   0.00000000
  9.51298701,   0.00000000
  9.51798202,   0.00000000
  9.52297702,   0.00000000
  9.52797203,   0.00000000
  9.53296703,   0.00000000
  9.53796204,   0.00000000
  9.54295704,   0.00000000
  9.54795205,   0.00000000
  9.55294705,   0.00000000
  9.55794206,   0.00000000
  9.56293706,   0.00000000
  9.56793207,   0.00000000
  9.57292707,   0.00000000
  9.57792208,   0.00000000
  9.58291708,   0.00000000
  9.58791209,   0.00000000
  9.59290709,   0.00000000
  9.59790210,   0.00000000
  9.60289710,   0.00000000
  9.60789211,   0.00000000
  9.61288711,   0.00000000
  9.61788212,   0.00000000
  9.62287712,   0.00000000
  9.62787213,   0.00000000
  9.63286713,   0.00000000
  9.63786214,   0.00000000
  9.64285714,   0.00000000
  9.64785215,   0.00000000
  9.65284715,   0.00000000
  9.65784216,   0.00000000
  9.66283716,   0.00000000
  9.66783217,   0.00000000
  9.67282717,   0.00000000
  9.67782218,   0.00000000
  9.68281718,   0.00000000
  9.68781219,   0.00000000
  9.69280719,   0.00000000
  9.69780220,   0.00000000
  9.70279720,   0.00000000
  9.70779221,   0.00000000
  9.71278721,   0.00000000
  9.71778222,   0.00000000
  9.72277722,   0.00000000
  9.72777223,   0.00000000
  9.73276723,   0.00000000
  9.73776224,   0.00000000
  9.74275724,   0.00000000
  9.74775225,   0.00000000
  9.75274725,   0.00000000
  9.75774226,   0.00000000
  9.76273726,   0.00000000
  9.76773227,   0.00000000
  9.77272727,   0.00000000
  9.77772228,   0.00000000
  9.78271728,   0.00000000
  9.78771229,   0.00000000
  9.79270729,   0.00000000
  9.79770230,   0.00000000
  9.80269730,   0.00000000
  9.80769231,   0.00000000
  9.81268731,   0.00000000
  9.81768232,   0.00000000
  9.82267732,   0.00000000
  9.82767233,   0.00000000
  9.83266733,   0.00000000
  9.83766234,   0.00000000
  9.84265734,   0.00000000
  9.84765235,   0.00000000
  9.85264735,   0.00000000
  9.85764236,   0.00000000
  9.86263736,   0.00000000
  9.86763237,   0.00000000
  9.87262737,   0.00000000
  9.87762238,   0.00000000
  9.88261738,   0.00000000
  9.88761239,   0.00000000
  9.89260739,   0.00000000
  9.89760240,   0.00000000
  9.90259740,   0.00000000
  9.90759241,   0.00000000
  9.91258741,   0.00000000
  9.91758242,   0.00000000
  9.92257742,   0.00000000
  9.92757243,   0.00000000
  9.93256743,   0.00000000
  9.93756244,   0.00000000
  9.94255744,   0.00000000
  9.94755245,   0.00000000
  9.95254745,   0.00000000
  9.95754246,   0.00000000
  9.96253746,   0.00000000
  9.96753247,   0.00000000
  9.97252747,   0.00000000
  9.97752248,   0.00000000
  9.98251748,   0.00000000
  9.98751249,   0.00000000
  9.99250749,   0.00000000
  9.99750250,   0.00000000
