1.0
0.9904062112951465
0.980812422590293
0.9712186338854395
0.961624845180586
0.9520310564757324
0.942437267770879
0.9328434790660255
0.923249690361172
0.9136559016563184
0.9040621129514649
0.8944178967391838
0.8847366497535597
0.8750554027679356
0.8653741557823114
0.8556929087966871
0.846011661811063
0.8363304148254389
0.8266491678398147
0.8169679208541905
0.8072866738685662
0.7975735023795983
0.7877631847886282
0.7779528671976581
0.768142549606688
0.758332232015718
0.7485219144247479
0.7387115968337777
0.7289012792428076
0.7190909616518376
0.7092806440608673
0.6994599425682471
0.689457300144652
0.6794546577210572
0.6694520152974623
0.6594493728738675
0.6494467304502727
0.6394440880266776
0.6294414456030828
0.619438803179488
0.6094361607558931
0.5994168961425044
0.5891207476263296
0.5788245991101549
0.5685284505939803
0.5582323020778055
0.547936153561631
0.5376400050454562
0.5273438565292814
0.5170477080131068
0.5067515594969322
0.4963492798962274
0.4857448470055959
0.4751404141149644
0.4645359812243329
0.45393154833370136
0.44314362478097885
0.4322475916992156
0.4213515586174523
0.4104555255356891
0.39954391432141895
0.3882625533408268
0.3769811923602347
0.36569983137964257
0.35441847039905044
0.34281724986128365
0.33101009714837315
0.3192029444354627
0.30739579172255227
0.29531077426051083
0.28275990741182827
0.27020904056314565
0.25765817371446315
0.24467640334352958
0.23102017129330288
0.21736393924307612
0.20370770719284945
0.18918725879357015
0.17429480603298395
0.15832153402141663
0.14161058479143654
0.12398352802042414
0.10426117778851596
0.08231849498383421
0.05506313937583682
5.000999999518613e-5
