0.0
0.005135675372140379
0.010271350744280759
0.015407026116421139
0.020542701488561518
0.025678376860701898
0.030814052232842278
0.035949727604982655
0.041085402977123035
0.046221078349263416
0.051356753721403796
0.056492429093544176
0.061628104465684556
0.06676377983782493
0.07189945520996531
0.07703513058210569
0.08217080595424607
0.08730648132638645
0.09244215669852683
0.09757783207066721
0.10271350744280759
0.10784918281494797
0.11298485818708835
0.11812053355922873
0.12325620893136911
0.12839188430350948
0.13352755967564986
0.13866323504779024
0.14379891041993062
0.148934585792071
0.15407026116421138
0.15920593653635176
0.16434161190849214
0.16947728728063252
0.1746129626527729
0.17974863802491328
0.18488431339705366
0.19001998876919404
0.19515566414133442
0.2002913395134748
0.20542701488561518
0.21056269025775556
0.21569836562989594
0.22083404100203632
0.2259697163741767
0.23110539174631708
0.23624106711845747
0.24137674249059785
0.24651241786273823
0.2516480932348786
0.25678376860701896
0.26191944397915934
0.2670551193512997
0.2721907947234401
0.2773264700955805
0.28246214546772086
0.28759782083986124
0.2927334962120016
0.297869171584142
0.3030048469562824
0.30814052232842276
0.31327619770056314
0.3184118730727035
0.3235475484448439
0.3286832238169843
0.33381889918912466
0.33895457456126504
0.3440902499334054
0.3492259253055458
0.3543616006776862
0.35949727604982656
0.36463295142196694
0.3697686267941073
0.3749043021662477
0.3800399775383881
0.38517565291052847
0.39031132828266885
0.3954470036548092
0.4005826790269496
0.40571835439909
0.41085402977123037
0.41598970514337075
0.4211253805155111
0.4262610558876515
0.4313967312597919
0.43653240663193227
