6.8290613595498325e6
4.370599270111891e6
3.035138382022146e6
2.229897586791781e6
1.7072653398874581e6
1.0926498175279729e6
758784.5955055365
557474.3966979452
426816.33497186453
337237.59800246067
273162.4543819932
189696.14887638413
139368.5991744863
106704.08374296613
84309.39950061517
68290.6135954983
43705.99270111891
30351.38382022147
22298.975867917816
17072.653398874576
10926.498175279727
7587.845955055367
5574.743966979454
4268.163349718644
3372.375980024609
2731.6245438199317
1896.9614887638418
1393.6859917448635
1067.040837429661
843.0939950061522
682.9061359549829
437.05992701118936
303.51383820221486
222.98975867917815
170.72653398874573
109.26498175279734
75.87845955055371
55.74743966979454
42.68163349718643
33.72375980024607
27.316245438199335
18.96961488763843
13.936859917448635
10.670408374296608
8.430939950061518
6.829061359549834
4.370599270111892
3.035138382022147
2.2298975867917825
1.7072653398874584
1.092649817527973
0.7587845955055368
0.5574743966979456
0.4268163349718646
0.3372375980024606
0.27316245438199327
0.1896961488763842
0.1393685991744864
0.10670408374296615
0.08430939950061515
0.06829061359549832
0.04370599270111891
0.030351383820221473
0.02229897586791782
0.01707265339887458
0.010926498175279728
0.007587845955055368
0.005574743966979455
0.004268163349718645
0.003372375980024608
0.002731624543819932
0.001896961488763842
0.0013936859917448637
0.0010670408374296612
0.000843093995006152
0.000682906135954983
0.0004370599270111892
0.00030351383820221466
0.00022298975867917815
0.00017072653398874575
0.0001092649817527973
7.587845955055367e-5
5.5747439669794536e-5
4.268163349718644e-5
3.37237598002461e-5
2.7316245438199326e-5
1.8969614887638416e-5
1.3936859917448634e-5
1.067040837429661e-5
8.430939950061525e-6
6.491007309547699e6
4.1542446781105283e6
2.8848921375767556e6
2.119512590872717e6
1.6227518273869248e6
1.0385611695276321e6
721223.0343941889
529878.1477181793
405687.9568467312
320543.57084186195
259640.29238190802
180305.75859854723
132469.53692954482
101421.9892116828
80135.89271046549
64910.073095477004
41542.44678110528
28848.921375767557
21195.125908727176
16227.518273869251
10385.61169527632
7212.230343941889
5298.781477181794
4056.8795684673128
3205.4357084186167
2596.40292381908
1803.0575859854723
1324.6953692954485
1014.2198921168282
801.3589271046542
649.10073095477
415.42446781105286
288.4892137576756
211.9512590872719
162.2751827386925
103.85611695276322
72.1223034394189
52.98781477181797
40.56879568467313
32.054357084186165
25.964029238190804
18.030575859854725
13.246953692954493
10.142198921168282
8.013589271046541
6.491007309547701
4.154244678110527
2.884892137576755
2.119512590872718
1.6227518273869252
1.0385611695276318
0.7212230343941888
0.5298781477181795
0.4056879568467313
0.3205435708418616
0.25964029238190794
0.1803057585985472
0.13246953692954488
0.10142198921168283
0.0801358927104654
0.06491007309547699
0.041542446781105274
0.028848921375767556
0.02119512590872717
0.016227518273869247
0.010385611695276319
0.007212230343941889
0.005298781477181792
0.004056879568467312
0.0032054357084186163
0.0025964029238190797
0.0018030575859854722
0.001324695369295448
0.001014219892116828
0.0008013589271046541
0.0006491007309547699
0.00041542446781105255
0.0002884892137576756
0.00021195125908727176
0.00016227518273869248
0.00010385611695276314
7.21223034394189e-5
5.298781477181794e-5
4.056879568467312e-5
3.2054357084186176e-5
2.5964029238190784e-5
1.8030575859854724e-5
1.3246953692954485e-5
1.014219892116828e-5
8.013589271046544e-6
6.0794352835076805e6
3.890838581444914e6
2.7019712371145245e6
1.9851217252269974e6
1.5198588208769201e6
972709.6453612285
675492.8092786311
496280.43130674935
379964.70521923003
300219.02634605835
243177.41134030712
168873.20231965778
124070.10782668734
94991.17630480751
75054.75658651459
60794.35283507678
38908.38581444911
27019.712371145248
19851.217252269973
15198.588208769195
9727.096453612277
6754.928092786312
4962.804313067493
3799.647052192299
3002.190263460582
2431.7741134030694
1688.732023196578
1240.7010782668733
949.9117630480747
750.5475658651455
607.9435283507673
389.0838581444915
270.19712371145243
198.51217252269976
151.98588208769183
97.27096453612288
67.54928092786311
49.62804313067494
37.99647052192296
30.021902634605812
24.31774113403072
16.887320231965777
12.407010782668735
9.49911763048074
7.505475658651453
6.07943528350768
3.8908385814449136
2.7019712371145244
1.985121725226998
1.51985882087692
0.9727096453612284
0.6754928092786311
0.4962804313067495
0.37996470521923
0.30021902634605824
0.2431774113403071
0.16887320231965777
0.12407010782668737
0.0949911763048075
0.07505475658651456
0.060794352835076775
0.038908385814449144
0.02701971237114525
0.01985121725226997
0.015198588208769194
0.009727096453612286
0.006754928092786313
0.004962804313067492
0.0037996470521922984
0.003002190263460583
0.0024317741134030715
0.0016887320231965782
0.001240701078266873
0.0009499117630480746
0.0007505475658651457
0.0006079435283507679
0.0003890838581444916
0.0002701971237114525
0.00019851217252269974
0.00015198588208769197
9.72709645361229e-5
6.754928092786313e-5
4.9628043130674935e-5
3.799647052192299e-5
3.0021902634605826e-5
2.4317741134030724e-5
1.688732023196578e-5
1.2407010782668734e-5
9.499117630480748e-6
7.505475658651456e-6
5.682477541497924e6
3.6367856265586745e6
2.5255455739990794e6
1.8555028706932014e6
1.420619385374481e6
909196.4066396686
631386.3934997699
463875.71767330036
355154.8463436203
280616.1748887865
227299.10165991716
157846.59837494246
115968.92941832509
88788.71158590507
70154.04372219663
56824.77541497929
36367.85626558673
25255.455739990808
18555.028706932004
14206.193853744822
9091.964066396682
6313.863934997702
4638.757176733001
3551.5484634362056
2806.161748887866
2272.9910165991705
1578.4659837494255
1159.6892941832502
887.8871158590514
701.5404372219665
568.2477541497926
363.6785626558674
252.55455739990796
185.5502870693202
142.06193853744816
90.91964066396685
63.13863934997699
46.38757176733005
35.51548463436204
28.061617488878667
22.72991016599171
15.784659837494248
11.596892941832513
8.87887115859051
7.015404372219667
5.682477541497928
3.636785626558675
2.525545573999076
1.8555028706932013
1.420619385374482
0.9091964066396687
0.631386393499769
0.4638757176733003
0.3551548463436205
0.2806161748887865
0.22729910165991718
0.15784659837494225
0.11596892941832508
0.08878871158590512
0.07015404372219662
0.056824775414979295
0.03636785626558675
0.025255455739990783
0.018555028706932
0.014206193853744824
0.009091964066396688
0.006313863934997696
0.004638757176733
0.003551548463436206
0.002806161748887866
0.002272991016599172
0.001578465983749424
0.00115968929418325
0.0008878871158590515
0.0007015404372219665
0.000568247754149793
0.00036367856265586725
0.00025255455739990807
0.00018555028706932015
0.00014206193853744825
9.091964066396681e-5
6.313863934997702e-5
4.638757176733004e-5
3.551548463436206e-5
2.806161748887865e-5
2.2729910165991703e-5
1.5784659837494254e-5
1.159689294183251e-5
8.878871158590515e-6
7.015404372219663e-6
5.294539145457906e6
3.3885050530930576e6
2.3531285090924026e6
1.728829108720947e6
1.3236347863644764e6
847126.2632732644
588282.1272731007
432207.27718023676
330908.6965911191
261458.72323248908
211781.5658183161
147070.53181827517
108051.81929505919
82727.17414777978
65364.68080812227
52945.391454579025
33885.05053093057
23531.285090924026
17288.291087209465
13236.347863644756
8471.262632732643
5882.8212727310065
4322.072771802366
3309.086965911189
2614.587232324892
2117.815658183161
1470.7053181827516
1080.5181929505916
827.2717414777973
653.646808081223
529.4539145457902
338.85050530930585
235.31285090924024
172.88291087209495
132.36347863644755
84.71262632732646
58.82821272731006
43.22072771802374
33.09086965911189
26.145872323248906
21.178156581831615
14.707053181827515
10.805181929505935
8.272717414777972
6.536468080812226
5.294539145457904
3.388505053093056
2.3531285090924006
1.7288291087209484
1.323634786364476
0.847126263273264
0.5882821272731001
0.4322072771802371
0.330908696591119
0.2614587232324892
0.211781565818316
0.14707053181827504
0.10805181929505928
0.08272717414777975
0.0653646808081223
0.052945391454579
0.033885050530930556
0.023531285090924014
0.017288291087209473
0.01323634786364475
0.008471262632732639
0.0058828212727310035
0.004322072771802368
0.0033090869659111876
0.002614587232324891
0.0021178156581831598
0.0014707053181827509
0.001080518192950592
0.0008272717414777969
0.0006536468080812227
0.0005294539145457899
0.0003388505053093057
0.00023531285090924007
0.00017288291087209483
0.00013236347863644749
8.471262632732643e-5
5.882821272731002e-5
4.322072771802371e-5
3.309086965911187e-5
2.614587232324891e-5
2.1178156581831607e-5
1.4707053181827504e-5
1.0805181929505927e-5
8.272717414777968e-6
6.536468080812228e-6
4.921021752051421e6
3.1494539213129077e6
2.1871207786895204e6
1.6068642455678098e6
1.2302554380128554e6
787363.4803282269
546780.1946723801
401716.06139195245
307563.85950321384
243013.41985439116
196840.87008205673
136695.04866809503
100429.01534798811
76890.96487580346
60753.35496359779
49210.21752051418
31494.539213129072
21871.207786895196
16068.642455678098
12302.554380128546
7873.634803282268
5467.801946723799
4017.1606139195246
3075.6385950321364
2430.1341985439117
1968.408700820567
1366.9504866809498
1004.2901534798812
768.9096487580341
607.5335496359779
492.10217520514175
314.9453921312909
218.71207786895204
160.686424556781
123.02554380128544
78.73634803282272
54.67801946723801
40.17160613919525
30.75638595032136
24.301341985439105
19.68408700820568
13.669504866809502
10.042901534798812
7.68909648758034
6.075335496359776
4.92102175205142
3.149453921312908
2.1871207786895175
1.6068642455678108
1.230255438012855
0.787363480328227
0.5467801946723794
0.4017160613919527
0.30756385950321374
0.243013419854391
0.19684087008205675
0.13669504866809484
0.10042901534798818
0.07689096487580344
0.06075335496359775
0.04921021752051419
0.03149453921312911
0.021871207786895188
0.0160686424556781
0.012302554380128547
0.007873634803282277
0.005467801946723797
0.004017160613919525
0.0030756385950321367
0.00243013419854391
0.001968408700820569
0.0013669504866809493
0.0010042901534798813
0.0007689096487580342
0.0006075335496359775
0.0004921021752051423
0.0003149453921312907
0.0002187120778689519
0.00016068642455678098
0.00012302554380128557
7.873634803282268e-5
5.4678019467237976e-5
4.0171606139195245e-5
3.075638595032139e-5
2.4301341985439113e-5
1.968408700820567e-5
1.3669504866809494e-5
1.0042901534798811e-5
7.689096487580348e-6
6.075335496359778e-6
4.560411120194049e6
2.9186631169241923e6
2.0268493867529107e6
1.4891138351654038e6
1.1401027800485122e6
729665.7792310481
506712.34668822767
372278.45879135095
285025.69501212804
225205.48741699016
182416.44480776202
126678.08667205692
93069.61469783774
71256.42375303201
56301.37185424754
45604.111201940505
29186.631169241904
20268.493867529116
14891.138351654032
11401.027800485126
7296.657792310476
5067.123466882279
3722.784587913508
2850.2569501212815
2252.054874169903
1824.164448077619
1266.7808667205697
930.696146978377
712.5642375303204
563.0137185424758
456.04111201940475
291.8663116924193
202.6849386752911
148.9113835165404
114.01027800485119
72.96657792310482
50.67123466882278
37.2278458791351
28.502569501212797
22.52054874169901
18.241644480776205
12.667808667205694
9.306961469783776
7.125642375303199
5.630137185424752
4.560411120194051
2.9186631169241912
2.0268493867529114
1.4891138351654043
1.1401027800485128
0.7296657792310478
0.5067123466882278
0.3722784587913511
0.2850256950121282
0.22520548741699006
0.18241644480776195
0.12667808667205696
0.09306961469783777
0.07125642375303205
0.056301371854247516
0.04560411120194049
0.029186631169241917
0.0202684938675291
0.01489113835165404
0.011401027800485122
0.007296657792310479
0.005067123466882275
0.00372278458791351
0.0028502569501212805
0.0022520548741699017
0.0018241644480776198
0.0012667808667205687
0.0009306961469783774
0.0007125642375303201
0.0005630137185424754
0.00045604111201940495
0.000291866311692419
0.0002026849386752911
0.0001489113835165404
0.00011401027800485124
7.296657792310475e-5
5.0671234668822775e-5
3.72278458791351e-5
2.850256950121281e-5
2.2520548741699024e-5
1.8241644480776187e-5
1.2667808667205694e-5
9.306961469783776e-6
7.125642375303202e-6
5.630137185424756e-6
4.213923538326719e6
2.6969110645290986e6
1.8728549059229854e6
1.3759750329230095e6
1.0534808845816797e6
674227.7661322746
468213.72648074635
343993.75823075237
263370.2211454199
208094.98954699837
168556.94153306866
117053.43162018659
85998.43955768809
65842.55528635498
52023.747386749594
42139.235383267165
26969.110645290988
18728.549059229852
13759.75032923009
10534.808845816791
6742.277661322747
4682.137264807463
3439.9375823075225
2633.702211454198
2080.949895469984
1685.5694153306868
1170.5343162018657
859.9843955768806
658.4255528635495
520.237473867496
421.3923538326717
269.69110645290993
187.2854905922986
137.59750329230107
105.34808845816792
67.42277661322748
46.82137264807465
34.39937582307527
26.33702211454198
20.809498954699833
16.85569415330687
11.705343162018663
8.599843955768817
6.584255528635495
5.202374738674958
4.213923538326718
2.696911064529098
1.872854905922984
1.3759750329230096
1.0534808845816794
0.6742277661322745
0.468213726480746
0.3439937582307524
0.26337022114541986
0.20809498954699845
0.16855694153306863
0.1170534316201865
0.0859984395576881
0.06584255528635496
0.052023747386749614
0.04213923538326716
0.026969110645290985
0.018728549059229858
0.013759750329230096
0.01053480884581679
0.006742277661322746
0.004682137264807464
0.003439937582307524
0.0026337022114541974
0.002080949895469983
0.0016855694153306866
0.001170534316201866
0.000859984395576881
0.0006584255528635493
0.0005202374738674957
0.00042139235383267164
0.0002696911064529097
0.0001872854905922986
0.0001375975032923009
0.00010534808845816791
6.742277661322743e-5
4.682137264807465e-5
3.439937582307522e-5
2.6337022114541977e-5
2.0809498954699843e-5
1.6855694153306857e-5
1.1705343162018662e-5
8.599843955768806e-6
6.584255528635494e-6
5.202374738674961e-6
3.8808347776606614e6
2.483734257702823e6
1.7248154567380717e6
1.2672113559708276e6
970208.6944151653
620933.5644257057
431203.86418451794
316802.8389927069
242552.17360379134
191646.1618597857
155233.39110642642
107800.96604612948
79200.70974817673
60638.043400947834
47911.540464946425
38808.347776606606
24837.34257702823
17248.154567380727
12672.113559708272
9702.086944151652
6209.3356442570575
4312.038641845182
3168.028389927068
2425.521736037913
1916.461618597857
1552.3339110642644
1078.0096604612954
792.007097481767
606.3804340094782
479.11540464946427
388.0834777660661
248.3734257702823
172.48154567380718
126.72113559708284
97.02086944151652
62.093356442570574
43.120386418451794
31.68028389927071
24.25521736037913
19.16461618597857
15.523339110642643
10.780096604612948
7.920070974817677
6.063804340094783
4.7911540464946425
3.880834777660661
2.483734257702822
1.724815456738071
1.2672113559708285
0.9702086944151652
0.6209335644257055
0.4312038641845177
0.3168028389927071
0.2425521736037913
0.1916461618597857
0.15523339110642637
0.10780096604612943
0.07920070974817678
0.060638043400947826
0.047911540464946424
0.03880834777660659
0.024837342577028233
0.01724815456738071
0.012672113559708284
0.009702086944151648
0.006209335644257058
0.0043120386418451775
0.003168028389927071
0.002425521736037912
0.0019164616185978567
0.0015523339110642645
0.0010780096604612944
0.0007920070974817677
0.000606380434009478
0.0004791154046494642
0.00038808347776606613
0.0002483734257702821
0.00017248154567380707
0.0001267211355970829
9.702086944151653e-5
6.209335644257053e-5
4.312038641845177e-5
3.1680283899270725e-5
2.4255217360379133e-5
1.916461618597857e-5
1.5523339110642633e-5
1.0780096604612942e-5
7.920070974817681e-6
6.063804340094783e-6
4.791154046494642e-6
3.561473977018449e6
2.2793433452918064e6
1.5828773231193107e6
1.1629302782101056e6
890368.4942546122
569835.8363229516
395719.33077982767
290732.5695525264
222592.12356365306
175875.25812436795
142458.9590807379
98929.83269495692
72683.1423881316
55648.030890913265
43968.814531091986
35614.739770184475
22793.433452918063
15828.77323119311
11629.302782101051
8903.684942546119
5698.358363229516
3957.1933077982776
2907.3256955252627
2225.9212356365297
1758.7525812436784
1424.589590807379
989.2983269495694
726.8314238813157
556.4803089091324
439.6881453109196
356.14739770184474
227.93433452918063
158.28773231193108
116.2930278210106
89.03684942546118
56.98358363229516
39.57193307798277
29.07325695525265
22.259212356365296
17.587525812436787
14.24589590807379
9.892983269495693
7.268314238813162
5.564803089091324
4.396881453109197
3.5614739770184474
2.279343345291806
1.58287732311931
1.1629302782101065
0.8903684942546118
0.5698358363229515
0.3957193307798275
0.29073256955252663
0.22259212356365296
0.17587525812436788
0.14245895908073788
0.09892983269495688
0.07268314238813166
0.05564803089091324
0.04396881453109197
0.03561473977018447
0.02279343345291807
0.015828773231193104
0.01162930278210106
0.008903684942546118
0.005698358363229517
0.003957193307798276
0.002907325695525265
0.0022259212356365294
0.0017587525812436783
0.0014245895908073793
0.000989298326949569
0.0007268314238813163
0.0005564803089091324
0.0004396881453109196
0.00035614739770184484
0.00022793433452918065
0.0001582877323119311
0.00011629302782101056
8.903684942546121e-5
5.698358363229516e-5
3.9571933077982776e-5
2.907325695525264e-5
2.2259212356365302e-5
1.7587525812436793e-5
1.424589590807379e-5
9.892983269495694e-6
7.26831423881316e-6
5.5648030890913256e-6
4.396881453109198e-6
3.2553464478861303e6
2.0834217266471235e6
1.4468206435049467e6
1.0629702686975119e6
813836.6119715326
520855.43166178087
361705.1608762367
265742.56717437797
203459.15299288314
160757.84927832743
130213.85791544522
90426.29021905917
66435.64179359449
50864.788248220786
40189.46231958186
32553.464478861304
20834.217266471223
14468.206435049464
10629.702686975117
8138.366119715326
5208.554316617806
3617.051608762366
2657.4256717437793
2034.5915299288315
1607.5784927832747
1302.1385791544515
904.2629021905915
664.3564179359448
508.6478824822079
401.89462319581867
325.53464478861287
208.34217266471236
144.6820643504947
106.29702686975116
81.38366119715322
52.08554316617809
36.170516087623675
26.57425671743779
20.345915299288304
16.075784927832743
13.021385791544523
9.042629021905919
6.643564179359448
5.086478824822076
4.018946231958186
3.2553464478861307
2.0834217266471238
1.446820643504946
1.0629702686975113
0.8138366119715327
0.5208554316617809
0.3617051608762365
0.26574256717437783
0.20345915299288317
0.16075784927832737
0.13021385791544524
0.09042629021905912
0.06643564179359446
0.05086478824822079
0.04018946231958184
0.03255346447886131
0.020834217266471243
0.014468206435049464
0.010629702686975115
0.008138366119715327
0.005208554316617811
0.003617051608762366
0.002657425671743779
0.002034591529928832
0.0016075784927832727
0.0013021385791544527
0.0009042629021905915
0.0006643564179359447
0.000508647882482208
0.00040189462319581816
0.00032553464478861317
0.00020834217266471229
0.00014468206435049453
0.00010629702686975118
8.138366119715329e-5
5.208554316617807e-5
3.617051608762363e-5
2.6574256717437794e-5
2.0345915299288323e-5
1.6075784927832734e-5
1.3021385791544518e-5
9.042629021905908e-6
6.643564179359449e-6
5.086478824822081e-6
4.0189462319581834e-6
2.9624646271957485e6
1.895977361405278e6
1.316650945420333e6
967335.3884720812
740616.1567989371
473994.3403513195
329162.73635508324
241833.8471180203
185154.03919973428
146294.54949114806
118498.58508782988
82290.68408877081
60458.46177950507
46288.50979993357
36573.637372787016
29624.64627195747
18959.77361405279
13166.509454203328
9673.353884720804
7406.1615679893675
4739.943403513197
3291.627363550832
2418.338471180201
1851.5403919973419
1462.9454949114804
1184.9858508782993
822.906840887708
604.5846177950502
462.88509799933547
365.7363737278701
296.2464627195748
189.59773614052793
131.6650945420333
96.73353884720814
74.0616156798937
47.39943403513198
32.916273635508325
24.183384711802034
18.515403919973426
14.6294549491148
11.849858508782996
8.229068408877081
6.045846177950509
4.628850979993357
3.6573637372787
2.962464627195749
1.8959773614052795
1.3166509454203321
0.9673353884720812
0.7406161567989372
0.4739943403513199
0.32916273635508303
0.2418338471180203
0.1851540391997343
0.14629454949114795
0.11849858508782997
0.08229068408877076
0.06045846177950508
0.046288509799933576
0.03657363737278699
0.029624646271957492
0.018959773614052794
0.01316650945420332
0.009673353884720808
0.007406161567989373
0.0047399434035131985
0.00329162736355083
0.002418338471180202
0.0018515403919973433
0.0014629454949114807
0.0011849858508782996
0.0008229068408877075
0.0006045846177950505
0.0004628850979993358
0.0003657363737278702
0.0002962464627195749
0.00018959773614052788
0.0001316650945420332
9.67335388472081e-5
7.406161567989373e-5
4.739943403513197e-5
3.29162736355083e-5
2.4183384711802026e-5
1.851540391997343e-5
1.4629454949114814e-5
1.1849858508782993e-5
8.229068408877076e-6
6.045846177950506e-6
4.628850979993358e-6
3.6573637372787035e-6
2.6824100676271254e6
1.7167424432813602e6
1.1921822522787226e6
875889.0016741632
670602.5169067814
429185.61082034005
298045.56306968065
218972.2504185408
167650.62922669534
132464.69469763586
107296.40270508501
74511.39076742016
54743.0626046352
41912.657306673835
33116.173674408965
26824.100676271253
17167.42443281358
11921.82252278722
8758.890016741627
6706.025169067813
4291.856108203395
2980.455630696805
2189.7225041854067
1676.5062922669533
1324.6469469763583
1072.9640270508487
745.1139076742013
547.4306260463517
419.12657306673833
331.1617367440896
268.2410067627122
171.67424432813598
119.21822522787221
87.58890016741634
67.06025169067804
42.918561082033996
29.804556306968053
21.897225041854085
16.76506292266951
13.246469469763571
10.729640270508499
7.451139076742013
5.474306260463521
4.191265730667378
3.311617367440893
2.6824100676271248
1.71674244328136
1.1921822522787218
0.8758890016741634
0.6706025169067812
0.42918561082034
0.29804556306968044
0.21897225041854085
0.1676506292266953
0.1324646946976358
0.107296402705085
0.07451139076742011
0.05474306260463521
0.041912657306673824
0.03311617367440895
0.02682410067627125
0.017167424432813595
0.011921822522787217
0.008758890016741632
0.006706025169067813
0.004291856108203399
0.002980455630696804
0.002189722504185408
0.0016765062922669532
0.0013246469469763583
0.0010729640270508497
0.000745113907674201
0.000547430626046352
0.0004191265730667383
0.0003311617367440896
0.0002682410067627124
0.00017167424432813584
0.00011921822522787218
8.758890016741634e-5
6.70602516906781e-5
4.291856108203396e-5
2.9804556306968046e-5
2.1897225041854086e-5
1.6765062922669526e-5
1.3246469469763583e-5
1.072964027050849e-5
7.4511390767420114e-6
5.4743062604635215e-6
4.1912657306673815e-6
3.3116173674408957e-6
2.4150439560223334e6
1.5456281318542946e6
1.0733528693432596e6
788585.781558313
603760.9890055833
386407.03296357364
268338.2173358149
197146.44538957826
150940.24725139583
119261.42992702892
96601.75824089341
67084.55433395373
49286.611347394566
37735.06181284896
29815.35748175723
24150.439560223353
15456.281318542935
10733.5286934326
7885.857815583129
6037.609890055838
3864.0703296357337
2683.38217335815
1971.4644538957823
1509.4024725139595
1192.6142992702883
966.0175824089334
670.8455433395375
492.8661134739456
377.3506181284899
298.15357481757206
241.50439560223336
154.56281318542938
107.33528693432598
78.85857815583131
60.37609890055834
38.640703296357344
26.833821733581495
19.714644538957828
15.094024725139585
11.92614299270288
9.660175824089336
6.708455433395374
4.928661134739457
3.7735061812848962
2.98153574817572
2.415043956022334
1.5456281318542944
1.0733528693432592
0.7885857815583132
0.6037609890055835
0.3864070329635736
0.2683382173358148
0.1971464453895783
0.15094024725139588
0.11926142992702882
0.0966017582408934
0.0670845543339537
0.04928661134739457
0.03773506181284897
0.029815357481757204
0.02415043956022335
0.015456281318542943
0.010733528693432599
0.007885857815583132
0.006037609890055837
0.0038640703296357356
0.0026833821733581497
0.001971464453895783
0.0015094024725139593
0.0011926142992702887
0.0009660175824089339
0.0006708455433395374
0.0004928661134739457
0.00037735061812848984
0.0002981535748175722
0.00024150439560223348
0.0001545628131854294
0.00010733528693432596
7.88585781558313e-5
6.037609890055837e-5
3.864070329635735e-5
2.683382173358149e-5
1.9714644538957825e-5
1.5094024725139592e-5
1.192614299270289e-5
9.660175824089338e-6
6.708455433395373e-6
4.928661134739456e-6
3.773506181284898e-6
2.9815357481757223e-6
2.1599722607845385e6
1.382382246902104e6
959987.6714597953
705297.0647459718
539993.0651961346
345595.561725526
239996.91786494883
176324.26618649295
134998.26629903365
106665.29682886614
86398.8904313815
59999.22946623721
44081.06654662324
33749.56657475841
26666.324207216534
21599.722607845375
13823.822469021052
9599.87671459796
7052.970647459717
5399.930651961344
3455.955617255263
2399.96917864949
1763.2426618649292
1349.982662990336
1066.6529682886617
863.9889043138157
599.9922946623725
440.8106654662323
337.495665747584
266.6632420721654
215.99722607845393
138.23822469021042
95.9987671459795
70.5297064745972
53.999306519613484
34.559556172552604
23.999691786494875
17.6324266186493
13.499826629903371
10.666529682886614
8.639889043138151
5.999922946623719
4.408106654662325
3.3749566574758427
2.6666324207216534
2.1599722607845377
1.3823822469021054
0.959987671459795
0.7052970647459723
0.5399930651961344
0.34559556172552636
0.23999691786494876
0.17632426618649308
0.1349982662990336
0.1066652968288661
0.08639889043138159
0.05999922946623719
0.04408106654662327
0.0337495665747584
0.026666324207216523
0.021599722607845397
0.01382382246902105
0.009599876714597952
0.00705297064745972
0.005399930651961349
0.0034559556172552627
0.002399969178649488
0.00176324266186493
0.0013499826629903373
0.001066652968288661
0.0008639889043138157
0.000599992294662372
0.0004408106654662325
0.00033749566574758433
0.00026666324207216526
0.00021599722607845392
0.00013823822469021056
9.599876714597947e-5
7.052970647459721e-5
5.399930651961348e-5
3.455955617255264e-5
2.3999691786494868e-5
1.7632426618649302e-5
1.349982662990337e-5
1.0666529682886612e-5
8.63988904313816e-6
5.999922946623717e-6
4.4081066546623255e-6
3.3749566574758424e-6
2.666632420721653e-6
1.9169707516949065e6
1.2268612810847391e6
851987.0007532916
625949.6332065001
479242.6879237266
306715.3202711848
212996.7501883229
156487.40830162502
119810.67198093166
94665.22230592134
76678.8300677962
53249.18754708073
39121.852075406256
29952.667995232914
23666.305576480336
19169.70751694905
12268.612810847395
8519.870007532922
6259.496332064998
4792.426879237262
3067.1532027118487
2129.9675018832304
1564.8740830162494
1198.1067198093156
946.652223059213
766.7883006779622
532.4918754708076
391.21852075406235
299.5266799523289
236.66305576480326
191.69707516949055
122.686128108474
85.19870007532914
62.59496332065001
47.92426879237264
30.6715320271185
21.299675018832286
15.648740830162502
11.98106719809316
9.466522230592128
7.667883006779625
5.324918754708071
3.9121852075406256
2.99526679952329
2.366630557648032
1.9169707516949062
1.22686128108474
0.8519870007532915
0.6259496332065001
0.47924268792372654
0.306715320271185
0.21299675018832287
0.15648740830162503
0.11981067198093164
0.09466522230592127
0.07667883006779624
0.05324918754708072
0.039121852075406256
0.02995266799523291
0.023666305576480317
0.01916970751694906
0.012268612810847396
0.008519870007532912
0.006259496332064997
0.004792426879237265
0.003067153202711849
0.002129967501883228
0.0015648740830162492
0.0011981067198093163
0.000946652223059213
0.0007667883006779623
0.000532491875470807
0.0003912185207540623
0.0002995266799523291
0.00023666305576480325
0.00019169707516949056
0.00012268612810847405
8.519870007532916e-5
6.259496332064997e-5
4.792426879237264e-5
3.067153202711851e-5
2.129967501883229e-5
1.564874083016249e-5
1.198106719809316e-5
9.466522230592126e-6
7.667883006779628e-6
5.324918754708073e-6
3.912185207540623e-6
2.99526679952329e-6
2.3666305576480316e-6
1.685651754234333e6
1.0788171227099732e6
749178.5574374815
550416.8993418228
421412.93855858326
269704.2806774933
187294.63935937037
137604.2248354557
105353.23463964582
83242.06193749799
67426.07016937333
46823.65983984259
34401.05620886393
26338.308659911454
20810.515484374497
16856.517542343332
10788.17122709973
7491.785574374813
5504.168993418231
4214.129385585833
2697.0428067749326
1872.9463935937033
1376.0422483545578
1053.5323463964583
832.4206193749795
674.2607016937332
468.2365983984258
344.01056208863946
263.38308659911456
208.10515484374488
168.5651754234333
107.88171227099733
74.91785574374816
55.04168993418229
42.14129385585832
26.97042806774933
18.72946393593704
13.760422483545572
10.53532346396458
8.324206193749797
6.742607016937333
4.68236598398426
3.440105620886393
2.633830865991145
2.081051548437449
1.6856517542343332
1.0788171227099734
0.7491785574374811
0.5504168993418235
0.4214129385585833
0.26970428067749336
0.18729463935937027
0.13760422483545587
0.10535323463964583
0.08324206193749792
0.06742607016937334
0.04682365983984257
0.03440105620886397
0.026338308659911457
0.02081051548437448
0.016856517542343335
0.010788171227099734
0.007491785574374815
0.005504168993418232
0.004214129385585834
0.0026970428067749335
0.0018729463935937038
0.001376042248354558
0.0010535323463964584
0.0008324206193749792
0.0006742607016937334
0.00046823659839842594
0.0003440105620886395
0.0002633830865991146
0.0002081051548437448
0.00016856517542343334
0.00010788171227099729
7.491785574374815e-5
5.50416899341823e-5
4.2141293855858336e-5
2.6970428067749322e-5
1.8729463935937037e-5
1.3760422483545575e-5
1.0535323463964584e-5
8.324206193749793e-6
6.7426070169373305e-6
4.682365983984259e-6
3.4401056208863937e-6
2.633830865991146e-6
2.0810515484374483e-6
1.4657391713832673e6
938073.0696852911
651439.6317258967
478608.7090231074
366434.7928458168
234518.2674213228
162859.90793147418
119652.17725577686
91608.6982114542
72382.18130287739
58629.5668553307
40714.976982868546
29913.044313944214
22902.17455286355
18095.545325719348
14657.391713832674
9380.730696852905
6514.396317258968
4786.087090231075
3664.3479284581686
2345.182674213226
1628.599079314742
1196.5217725577688
916.0869821145421
723.8218130287742
586.2956685533065
407.1497698286855
299.1304431394422
229.02174552863553
180.95545325719354
146.57391713832664
93.80730696852913
65.14396317258968
47.86087090231079
36.64347928458166
23.451826742132283
16.28599079314742
11.965217725577698
9.160869821145415
7.238218130287737
5.862956685533071
4.071497698286855
2.9913044313944246
2.2902174552863537
1.8095545325719342
1.4657391713832677
0.9380730696852911
0.6514396317258963
0.47860870902310776
0.3664347928458169
0.23451826742132278
0.16285990793147406
0.11965217725577694
0.09160869821145423
0.0723821813028774
0.058629566855330696
0.040714976982868516
0.029913044313944235
0.022902174552863558
0.01809554532571935
0.014657391713832674
0.009380730696852909
0.006514396317258966
0.004786087090231075
0.0036643479284581685
0.0023451826742132273
0.0016285990793147415
0.0011965217725577687
0.0009160869821145421
0.000723821813028774
0.0005862956685533068
0.0004071497698286854
0.0002991304431394422
0.00022902174552863553
0.0001809554532571935
0.0001465739171383267
9.380730696852912e-5
6.514396317258961e-5
4.7860870902310784e-5
3.6643479284581676e-5
2.345182674213228e-5
1.6285990793147404e-5
1.1965217725577696e-5
9.160869821145419e-6
7.2382181302877395e-6
5.86295668553307e-6
4.071497698286851e-6
2.991304431394424e-6
2.2902174552863547e-6
1.8095545325719349e-6
1.2568472103731737e6
804382.2146388311
558598.760165855
410399.08910144435
314211.8025932934
201095.55365970777
139649.69004146376
102599.77227536109
78552.95064832336
62066.52890731725
50273.88841492694
34912.42251036594
25649.94306884027
19638.23766208084
15516.632226829313
12568.472103731736
8043.8221463883065
5585.987601658549
4103.990891014446
3142.118025932934
2010.9555365970766
1396.4969004146371
1025.9977227536115
785.5295064832335
620.6652890731721
502.73888414926915
349.1242251036593
256.49943068840287
196.38237662080837
155.16632226829302
125.68472103731729
80.4382214638831
55.859876016585496
41.03990891014444
31.421180259329322
20.109555365970774
13.964969004146374
10.25997722753611
7.8552950648323305
6.206652890731722
5.0273888414926935
3.4912422510365935
2.5649943068840275
1.9638237662080826
1.5516632226829306
1.2568472103731734
0.8043822146388313
0.5585987601658545
0.41039908910144446
0.31421180259329334
0.20109555365970783
0.13964969004146363
0.10259977227536111
0.07855295064832334
0.06206652890731721
0.05027388841492696
0.03491242251036591
0.02564994306884028
0.019638237662080834
0.015516632226829303
0.01256847210373174
0.008043822146388312
0.005585987601658551
0.004103990891014444
0.003142118025932935
0.002010955536597078
0.0013964969004146377
0.001025997722753611
0.0007855295064832337
0.0006206652890731724
0.0005027388841492695
0.0003491242251036594
0.00025649943068840273
0.00019638237662080842
0.0001551663222682931
0.00012568472103731738
8.043822146388308e-5
5.58598760165855e-5
4.103990891014443e-5
3.1421180259329344e-5
2.010955536597077e-5
1.3964969004146375e-5
1.0259977227536108e-5
7.855295064832336e-6
6.206652890731726e-6
5.027388841492693e-6
3.4912422510365937e-6
2.564994306884027e-6
1.963823766208084e-6
1.5516632226829314e-6
1.0586689490984583e6
677548.1274230129
470519.53293264826
345687.8201137825
264667.23727461457
169387.03185575322
117629.88323316207
86421.95502844562
66166.80931865364
52279.9481036276
42346.757963938304
29407.470808290516
21605.488757111405
16541.70232966341
13069.9870259069
10586.689490984576
6775.481274230133
4705.195329326481
3456.878201137824
2646.672372746144
1693.8703185575332
1176.2988323316204
864.219550284456
661.668093186536
522.799481036276
423.4675796393833
294.0747080829051
216.054887571114
165.417023296634
130.699870259069
105.86689490984583
67.75481274230135
47.051953293264816
34.56878201137823
26.466723727461456
16.93870318557534
11.762988323316204
8.642195502844558
6.616680931865364
5.227994810362757
4.234675796393835
2.940747080829051
2.1605488757111395
1.654170232966341
1.3069987025906893
1.0586689490984587
0.6775481274230133
0.47051953293264814
0.3456878201137825
0.26466723727461466
0.16938703185575332
0.11762988323316204
0.08642195502844563
0.06616680931865367
0.05227994810362757
0.04234675796393833
0.02940747080829051
0.021605488757111407
0.016541702329663416
0.013069987025906893
0.010586689490984583
0.006775481274230136
0.004705195329326483
0.0034568782011378234
0.0026466723727461457
0.001693870318557534
0.0011762988323316208
0.0008642195502844559
0.0006616680931865364
0.0005227994810362758
0.0004234675796393835
0.0002940747080829052
0.00021605488757111397
0.0001654170232966341
0.00013069987025906895
0.00010586689490984587
6.775481274230139e-5
4.705195329326481e-5
3.456878201137824e-5
2.6466723727461468e-5
1.6938703185575346e-5
1.1762988323316202e-5
8.64219550284456e-6
6.616680931865367e-6
5.227994810362759e-6
4.234675796393837e-6
2.9407470808290506e-6
2.16054887571114e-6
1.6541702329663418e-6
1.3069987025906897e-6
870822.2040766851
557326.2106090784
387032.09070074896
284350.1074536113
217705.55101917128
139331.5526522696
96758.02267518724
71087.52686340282
54426.38775479282
43003.565633416554
34832.8881630674
24189.50566879681
17771.881715850704
13606.596938698205
10750.891408354139
8708.22204076685
5573.262106090781
3870.3209070074904
2843.501074536114
2177.0555101917125
1393.3155265226953
967.5802267518726
710.8752686340285
544.2638775479281
430.03565633416525
348.32888163067383
241.89505668796815
177.71881715850714
136.06596938698203
107.50891408354131
87.08222040766846
55.73262106090788
38.70320907007491
28.435010745361158
21.770555101917115
13.93315526522697
9.675802267518728
7.1087526863402895
5.442638775479279
4.300356563341655
3.4832888163067426
2.418950566879682
1.7771881715850724
1.3606596938698197
1.0750891408354137
0.8708222040766856
0.5573262106090784
0.38703209070074884
0.2843501074536115
0.2177055510191714
0.1393315526522696
0.09675802267518721
0.07108752686340288
0.05442638775479285
0.04300356563341654
0.0348328881630674
0.024189505668796803
0.01777188171585072
0.013606596938698213
0.010750891408354135
0.00870822204076685
0.005573262106090787
0.0038703209070074904
0.002843501074536114
0.0021770555101917125
0.0013933155265226968
0.0009675802267518726
0.0007108752686340285
0.0005442638775479281
0.00043003565633416556
0.0003483288816306742
0.00024189505668796815
0.00017771881715850712
0.00013606596938698203
0.00010750891408354139
8.708222040766855e-5
5.573262106090782e-5
3.870320907007491e-5
2.8435010745361145e-5
2.1770555101917137e-5
1.3933155265226955e-5
9.675802267518728e-6
7.108752686340286e-6
5.442638775479284e-6
4.300356563341657e-6
3.483288816306739e-6
2.418950566879682e-6
1.7771881715850716e-6
1.360659693869821e-6
1.0750891408354143e-6
692984.705103625
443510.21126632
307993.2022682777
226280.7200338366
173246.17627590624
110877.55281658
76998.30056706943
56570.18000845915
43311.54406897656
34221.46691869752
27719.388204145
19249.575141767356
14142.545002114788
10827.88601724414
8555.36672967438
6929.84705103625
4435.102112663199
3079.932022682777
2262.8072003383663
1732.4617627590626
1108.7755281657996
769.9830056706943
565.7018000845916
433.11544068976565
342.214669186975
277.1938820414499
192.49575141767357
141.4254500211479
108.27886017244141
85.55366729674375
69.29847051036248
44.35102112663199
30.799320226827767
22.628072003383686
17.32461762759062
11.087755281657998
7.699830056706942
5.657018000845921
4.331154406897655
3.42214669186975
2.7719388204144995
1.9249575141767354
1.4142545002114804
1.0827886017244137
0.8555366729674375
0.6929847051036249
0.44351021126632
0.30799320226827775
0.22628072003383665
0.17324617627590622
0.11087755281658
0.07699830056706944
0.05657018000845916
0.043311544068976554
0.03422146691869749
0.027719388204145
0.01924957514176736
0.01414254500211479
0.010827886017244139
0.008555366729674373
0.00692984705103625
0.0044351021126632
0.0030799320226827763
0.002262807200338367
0.0017324617627590625
0.0011087755281658
0.0007699830056706941
0.0005657018000845917
0.00043311544068976563
0.00034221466918697545
0.00027719388204145
0.00019249575141767352
0.00014142545002114793
0.00010827886017244141
8.555366729674386e-5
6.92984705103625e-5
4.435102112663198e-5
3.0799320226827756e-5
2.262807200338366e-5
1.7324617627590624e-5
1.1087755281657995e-5
7.699830056706939e-6
5.657018000845915e-6
4.331154406897656e-6
3.4221466918697524e-6
2.771938820414499e-6
1.9249575141767347e-6
1.4142545002114788e-6
1.082788601724414e-6
8.555366729674381e-7
524782.6363283462
335860.8872501416
233236.72725704286
171357.59553578653
131195.65908208655
83965.2218125354
58309.181814260715
42839.39888394663
32798.91477052164
25915.191917449207
20991.30545313385
14577.295453565179
10709.849720986658
8199.72869263041
6478.797979362302
5247.826363283462
3358.608872501414
2332.3672725704287
1713.5759553578662
1311.9565908208656
839.6522181253536
583.0918181426072
428.39398883946654
327.9891477052164
259.15191917449187
209.9130545313384
145.7729545356518
107.09849720986664
81.9972869263041
64.78797979362297
52.4782636328346
33.58608872501416
23.323672725704284
17.13575955357866
13.11956590820865
8.39652218125354
5.830918181426071
4.283939888394665
3.2798914770521623
2.5915191917449194
2.099130545313385
1.4577295453565178
1.0709849720986662
0.8199728692630406
0.6478797979362299
0.5247826363283462
0.3358608872501417
0.23323672725704275
0.17135759553578653
0.13119565908208655
0.08396522181253542
0.05830918181426069
0.04283939888394663
0.03279891477052164
0.025915191917449207
0.020991305453133855
0.014577295453565172
0.010709849720986658
0.00819972869263041
0.006478797979362302
0.005247826363283464
0.0033586088725014148
0.0023323672725704286
0.0017135759553578657
0.001311956590820866
0.0008396522181253537
0.0005830918181426071
0.0004283939888394664
0.0003279891477052165
0.000259151919174492
0.00020991305453133842
0.0001457729545356518
0.0001070984972098666
8.199728692630412e-5
6.4787979793623e-5
5.2478263632834606e-5
3.358608872501416e-5
2.3323672725704295e-5
1.7135759553578648e-5
1.3119565908208651e-5
8.39652218125354e-6
5.830918181426074e-6
4.283939888394662e-6
3.279891477052163e-6
2.5915191917449197e-6
2.099130545313385e-6
1.4577295453565185e-6
1.0709849720986655e-6
8.199728692630407e-7
6.478797979362299e-7
365891.0116403774
234170.24744984147
162618.2273957231
119474.61604583748
91472.75291009435
58542.56186246037
40654.55684893078
29868.65401145937
22868.188227523588
18068.691932858143
14635.640465615092
10163.639212232694
7467.1635028648425
5717.047056880897
4517.172983214536
3658.910116403773
2341.7024744984133
1626.1822739572328
1194.7461604583748
914.7275291009432
585.4256186246033
406.5455684893082
298.6865401145937
228.6818822752358
180.68691932858133
146.35640465615083
101.63639212232705
74.67163502864842
57.17047056880895
45.17172983214533
36.58910116403771
23.417024744984126
16.261822739572313
11.94746160458374
9.147275291009427
5.854256186246031
4.065455684893078
2.986865401145935
2.2868188227523567
1.8068691932858127
1.4635640465615078
1.0163639212232696
0.7467163502864838
0.5717047056880892
0.4517172983214532
0.36589101164037696
0.23417024744984138
0.16261822739572313
0.11947461604583745
0.09147275291009424
0.058542561862460346
0.04065455684893078
0.029868654011459363
0.02286818822752356
0.018068691932858122
0.014635640465615087
0.010163639212232695
0.007467163502864841
0.00571704705688089
0.0045171729832145305
0.0036589101164037716
0.0023417024744984134
0.0016261822739572316
0.0011947461604583736
0.0009147275291009429
0.0005854256186246034
0.0004065455684893079
0.0002986865401145934
0.00022868188227523573
0.00018068691932858133
0.00014635640465615084
0.00010163639212232697
7.467163502864835e-5
5.717047056880893e-5
4.517172983214533e-5
3.658910116403771e-5
2.341702474498413e-5
1.626182273957232e-5
1.194746160458375e-5
9.147275291009427e-6
5.854256186246033e-6
4.06545568489308e-6
2.9868654011459373e-6
2.286818822752357e-6
1.8068691932858137e-6
1.4635640465615082e-6
1.01636392122327e-6
7.467163502864843e-7
5.717047056880892e-7
4.517172983214534e-7
215950.599097096
138208.38342214143
95978.0440431537
70514.48133782718
53987.649774274
34552.09585553536
23994.511010788425
17628.620334456795
13496.9124435685
10664.227115905966
8638.02396388384
5998.627752697106
4407.155083614199
3374.228110892125
2666.0567789764914
2159.50599097096
1382.0838342214133
959.7804404315383
705.1448133782724
539.87649774274
345.52095855535333
239.94511010788457
176.2862033445681
134.969124435685
106.64227115905975
86.38023963883833
59.98627752697114
44.07155083614202
33.74228110892125
26.660567789764936
21.595059909709583
13.820838342214138
9.59780440431537
7.051448133782722
5.398764977427396
3.4552095855535345
2.3994511010788426
1.7628620334456806
1.349691244356849
1.066422711590597
0.8638023963883836
0.5998627752697107
0.44071550836142015
0.33742281108921224
0.2666056778976493
0.2159505990970959
0.1382083834221415
0.09597804404315376
0.07051448133782726
0.05398764977427398
0.03455209585553538
0.02399451101078844
0.017628620334456814
0.013496912443568494
0.010664227115905964
0.008638023963883844
0.00599862775269711
0.0044071550836142035
0.0033742281108921236
0.002666056778976491
0.002159505990970961
0.0013820838342214143
0.0009597804404315375
0.0007051448133782724
0.0005398764977427403
0.00034552095855535357
0.00023994511010788438
0.0001762862033445681
0.00013496912443568506
0.00010664227115905971
8.638023963883839e-5
5.9986277526971095e-5
4.4071550836142025e-5
3.3742281108921266e-5
2.6660567789764928e-5
2.1595059909709598e-5
1.3820838342214142e-5
9.597804404315384e-6
7.051448133782726e-6
5.3987649774273995e-6
3.4552095855535355e-6
2.399451101078846e-6
1.7628620334456815e-6
1.3496912443568499e-6
1.066422711590598e-6
8.638023963883839e-7
5.998627752697115e-7
4.407155083614204e-7
3.3742281108921247e-7
2.666056778976495e-7
74644.60162214741
47772.54503817427
33175.37849873215
24373.747468456222
18661.150405536853
11943.136259543568
8293.844624683037
6093.4368671140555
4665.287601384213
3686.1531665257953
2985.784064885892
2073.4611561707593
1523.3592167785139
1166.3219003460533
921.5382916314488
746.446016221473
477.72545038174263
331.753784987322
243.73747468456273
186.61150405536824
119.43136259543566
82.9384462468305
60.93436867114068
46.65287601384206
36.86153166525795
29.857840648858915
20.734611561707624
15.23359216778517
11.663219003460515
9.215382916314487
7.464460162214729
4.777254503817431
3.317537849873212
2.437374746845625
1.8661150405536822
1.1943136259543579
0.829384462468303
0.6093436867114063
0.46652876013842054
0.368615316652579
0.29857840648858947
0.20734611561707575
0.15233592167785157
0.11663219003460513
0.09215382916314475
0.07464460162214737
0.04777254503817425
0.033175378498732117
0.024373747468456268
0.01866115040553684
0.011943136259543562
0.008293844624683029
0.006093436867114067
0.00466528760138421
0.003686153166525793
0.0029857840648858905
0.0020734611561707573
0.0015233592167785167
0.0011663219003460526
0.0009215382916314482
0.0007464460162214726
0.0004777254503817421
0.0003317537849873215
0.00024373747468456233
0.00018661150405536816
0.00011943136259543553
8.293844624683038e-5
6.093436867114058e-5
4.665287601384204e-5
3.6861531665257946e-5
2.9857840648858883e-5
2.0734611561707595e-5
1.5233592167785146e-5
1.166321900346051e-5
9.215382916314487e-6
7.464460162214721e-6
4.7772545038174256e-6
3.317537849873215e-6
2.437374746845624e-6
1.8661150405536802e-6
1.1943136259543564e-6
8.293844624683038e-7
6.09343686711406e-7
4.6652876013842004e-7
3.686153166525796e-7
2.985784064885891e-7
2.0734611561707595e-7
1.523359216778515e-7
1.1663219003460501e-7
9.21538291631449e-8
-58364.845366003115
-37353.501034241985
-25939.931273779184
-19057.9086909398
-14591.211341500779
-9338.375258560496
-6484.982818444796
-4764.47717273495
-3647.8028353751947
-2882.2145859754605
-2334.593814640124
-1621.245704611199
-1191.1192931837375
-911.9507088437987
-720.5536464938651
-583.648453660031
-373.53501034241935
-259.39931273779143
-190.57908690939746
-145.91211341500775
-93.38375258560484
-64.84982818444786
-47.644771727349365
-36.47802835375194
-28.822145859754585
-23.34593814640121
-16.212457046111965
-11.911192931837341
-9.119507088437985
-7.205536464938646
-5.836484536600302
-3.735350103424196
-2.5939931273779155
-1.9057908690939822
-1.4591211341500756
-0.933837525856049
-0.6484982818444789
-0.47644771727349555
-0.3647802835375189
-0.2882214585975459
-0.23345938146401224
-0.16212457046111972
-0.11911192931837389
-0.09119507088437973
-0.07205536464938647
-0.05836484536600306
-0.03735350103424197
-0.02593993127377916
-0.019057908690939786
-0.014591211341500765
-0.009338375258560492
-0.00648498281844479
-0.004764477172734947
-0.0036478028353751912
-0.00288221458597546
-0.002334593814640123
-0.0016212457046111974
-0.0011911192931837367
-0.0009119507088437978
-0.000720553646493865
-0.0005836484536600307
-0.00037353501034241977
-0.00025939931273779156
-0.00019057908690939797
-0.00014591211341500769
-9.338375258560494e-5
-6.484982818444789e-5
-4.764477172734949e-5
-3.647802835375192e-5
-2.882214585975462e-5
-2.3345938146401236e-5
-1.6212457046111972e-5
-1.1911192931837373e-5
-9.11950708843798e-6
-7.205536464938655e-6
-5.836484536600309e-6
-3.7353501034241977e-6
-2.593993127377915e-6
-1.9057908690939786e-6
-1.4591211341500772e-6
-9.338375258560494e-7
-6.484982818444787e-7
-4.7644771727349464e-7
-3.647802835375193e-7
-2.8822145859754603e-7
-2.3345938146401236e-7
-1.621245704611197e-7
-1.1911192931837366e-7
-9.119507088437983e-8
-7.205536464938651e-8
-183376.72769118374
-117361.10572235772
-81500.76786274844
-59878.11516446818
-45844.181922795935
-29340.27643058943
-20375.19196568711
-14969.528791117045
-11461.045480698984
-9055.640873638713
-7335.069107647358
-5093.797991421778
-3742.3821977792613
-2865.261370174746
-2263.9102184096782
-1833.7672769118394
-1173.611057223576
-815.0076786274839
-598.7811516446819
-458.44181922795985
-293.402764305894
-203.75191965687097
-149.69528791117048
-114.61045480698996
-90.55640873638708
-73.3506910764735
-50.93797991421774
-37.42382197779262
-28.65261370174749
-22.63910218409677
-18.337672769118374
-11.73611057223577
-8.15007678627484
-5.98781151644682
-4.5844181922795935
-2.9340276430589425
-2.03751919656871
-1.496952879111705
-1.1461045480698984
-0.9055640873638706
-0.7335069107647356
-0.5093797991421775
-0.37423821977792626
-0.2865261370174746
-0.22639102184096765
-0.1833767276911839
-0.11736110572235764
-0.08150076786274832
-0.05987811516446819
-0.045844181922795976
-0.02934027643058941
-0.02037519196568708
-0.014969528791117048
-0.011461045480698994
-0.00905564087363871
-0.0073350691076473525
-0.00509379799142177
-0.003742382197779262
-0.0028652613701747485
-0.0022639102184096776
-0.0018337672769118381
-0.0011736110572235768
-0.0008150076786274833
-0.0005987811516446818
-0.00045844181922795953
-0.0002934027643058942
-0.00020375191965687082
-0.00014969528791117045
-0.00011461045480698988
-9.055640873638711e-5
-7.335069107647355e-5
-5.0937979914217705e-5
-3.742382197779261e-5
-2.865261370174747e-5
-2.2639102184096777e-5
-1.8337672769118387e-5
-1.1736110572235766e-5
-8.150076786274833e-6
-5.987811516446819e-6
-4.584418192279597e-6
-2.9340276430589414e-6
-2.0375191965687082e-6
-1.4969528791117047e-6
-1.1461045480698992e-6
-9.055640873638709e-7
-7.335069107647354e-7
-5.093797991421771e-7
-3.7423821977792617e-7
-2.865261370174748e-7
-2.2639102184096772e-7
-300700.7598223959
-192448.4862863334
-133644.7821432871
-98188.00320731297
-75175.18995559898
-48112.12157158335
-33411.195535821775
-24547.000801828242
-18793.797488899745
-14849.420238143015
-12028.030392895838
-8352.798883955444
-6136.750200457061
-4698.449372224936
-3712.3550595357538
-3007.0075982239596
-1924.4848628633326
-1336.4478214328708
-981.8800320731292
-751.7518995559899
-481.12121571583316
-334.1119553582177
-245.4700080182823
-187.93797488899747
-148.4942023814301
-120.28030392895829
-83.52798883955442
-61.367502004570575
-46.98449372224937
-37.12355059535753
-30.070075982239572
-19.244848628633342
-13.36447821432871
-9.8188003207313
-7.517518995559893
-4.8112121571583355
-3.3411195535821774
-2.454700080182825
-1.8793797488899733
-1.4849420238143005
-1.2028030392895839
-0.8352798883955443
-0.6136750200457063
-0.4698449372224933
-0.37123550595357513
-0.30070075982239597
-0.1924484862863333
-0.13364478214328704
-0.09818800320731294
-0.07517518995559899
-0.04811212157158332
-0.03341119553582176
-0.024547000801828235
-0.018793797488899748
-0.01484942023814301
-0.01202803039289583
-0.00835279888395544
-0.006136750200457059
-0.004698449372224937
-0.0037123550595357527
-0.0030070075982239577
-0.001924484862863334
-0.0013364478214328709
-0.0009818800320731298
-0.0007517518995559894
-0.0004811212157158335
-0.0003341119553582177
-0.00024547000801828246
-0.00018793797488899736
-0.00014849420238143005
-0.00012028030392895837
-8.352798883955443e-5
-6.136750200457061e-5
-4.698449372224934e-5
-3.712355059535751e-5
-3.0070075982239592e-5
-1.924484862863333e-5
-1.3364478214328711e-5
-9.818800320731295e-6
-7.517518995559898e-6
-4.811212157158332e-6
-3.3411195535821778e-6
-2.454700080182824e-6
-1.8793797488899745e-6
-1.484942023814301e-6
-1.202803039289583e-6
-8.352798883955444e-7
-6.13675020045706e-7
-4.6984493722249363e-7
-3.7123550595357527e-7
-410609.63403116923
-262790.16577994806
-182493.17068051972
-134076.61519385118
-102652.40850779231
-65697.54144498701
-45623.29267012993
-33519.153798462794
-25663.102126948077
-20277.01896450219
-16424.385361246754
-11405.823167532482
-8379.788449615698
-6415.775531737019
-5069.254741125547
-4106.096340311688
-2627.901657799483
-1824.9317068051969
-1340.7661519385115
-1026.524085077922
-656.9754144498708
-456.2329267012992
-335.19153798462787
-256.6310212694805
-202.7701896450219
-164.2438536124677
-114.0582316753248
-83.79788449615697
-64.15775531737013
-50.692547411255475
-41.06096340311692
-26.27901657799483
-18.249317068051965
-13.40766151938512
-10.26524085077923
-6.569754144498708
-4.562329267012991
-3.35191537984628
-2.5663102126948076
-2.027701896450218
-1.642438536124677
-1.1405823167532478
-0.83797884496157
-0.6415775531737019
-0.5069254741125545
-0.41060963403116923
-0.26279016577994824
-0.1824931706805196
-0.13407661519385117
-0.10265240850779231
-0.06569754144498706
-0.0456232926701299
-0.03351915379846279
-0.025663102126948077
-0.020277018964502194
-0.016424385361246765
-0.011405823167532475
-0.008379788449615698
-0.006415775531737019
-0.0050692547411255486
-0.004106096340311691
-0.0026279016577994826
-0.0018249317068051967
-0.0013407661519385119
-0.0010265240850779228
-0.0006569754144498707
-0.0004562329267012992
-0.00033519153798462797
-0.0002566310212694807
-0.00020277018964502184
-0.00016424385361246766
-0.0001140582316753248
-8.379788449615699e-5
-6.415775531737018e-5
-5.069254741125546e-5
-4.1060963403116916e-5
-2.6279016577994816e-5
-1.8249317068051963e-5
-1.3407661519385115e-5
-1.0265240850779229e-5
-6.569754144498704e-6
-4.562329267012991e-6
-3.3519153798462787e-6
-2.5663102126948072e-6
-2.0277018964502194e-6
-1.642438536124676e-6
-1.1405823167532477e-6
-8.379788449615697e-7
-6.415775531737018e-7
-5.069254741125548e-7
-513378.53008283797
-328562.2592530164
-228168.23559237257
-167633.80574133486
-128344.63252070949
-82140.5648132541
-57042.05889809314
-41908.451435333714
-32086.158130177373
-25352.02617693028
-20535.141203313524
-14260.514724523286
-10477.112858833429
-8021.539532544343
-6338.00654423257
-5133.785300828381
-3285.6225925301633
-2281.682355923725
-1676.3380574133485
-1283.4463252070952
-821.4056481325408
-570.4205889809313
-419.0845143533371
-320.8615813017738
-253.52026176930283
-205.3514120331352
-142.6051472452328
-104.77112858833428
-80.21539532544345
-63.38006544232571
-51.3378530082838
-32.856225925301636
-22.81682355923725
-16.763380574133496
-12.83446325207095
-8.214056481325409
-5.704205889809312
-4.190845143533374
-3.2086158130177376
-2.5352026176930265
-2.0535141203313523
-1.426051472452328
-1.0477112858833435
-0.8021539532544344
-0.6338006544232566
-0.5133785300828381
-0.3285622592530164
-0.2281682355923726
-0.16763380574133493
-0.12834463252070952
-0.0821405648132541
-0.05704205889809315
-0.041908451435333734
-0.03208615813017738
-0.025352026176930276
-0.020535141203313526
-0.014260514724523287
-0.010477112858833433
-0.008021539532544345
-0.006338006544232569
-0.005133785300828381
-0.003285622592530164
-0.0022816823559237247
-0.0016763380574133491
-0.0012834463252070953
-0.000821405648132541
-0.0005704205889809312
-0.0004190845143533373
-0.00032086158130177384
-0.00025352026176930277
-0.00020535141203313525
-0.0001426051472452328
-0.00010477112858833432
-8.021539532544346e-5
-6.338006544232569e-5
-5.133785300828381e-5
-3.2856225925301625e-5
-2.2816823559237255e-5
-1.67633805741335e-5
-1.2834463252070953e-5
-8.214056481325406e-6
-5.704205889809314e-6
-4.190845143533375e-6
-3.2086158130177383e-6
-2.5352026176930266e-6
-2.0535141203313515e-6
-1.4260514724523284e-6
-1.0477112858833437e-6
-8.021539532544346e-7
-6.338006544232567e-7
-609246.4993539968
-389917.7595865582
-270776.22193510993
-198937.63244212145
-152311.6248384992
-97479.43989663955
-67694.05548377748
-49734.40811053036
-38077.9062096248
-30086.24688167888
-24369.85997415989
-16923.51387094437
-12433.60202763259
-9519.4765524062
-7521.56172041972
-6092.464993539972
-3899.1775958655785
-2707.762219351099
-1989.3763244212148
-1523.116248384993
-974.7943989663946
-676.9405548377747
-497.3440811053037
-380.77906209624825
-300.8624688167888
-243.69859974159866
-169.23513870944367
-124.33602027632593
-95.19476552406206
-75.2156172041972
-60.924649935399664
-38.99177595865581
-27.077622193510987
-19.893763244212167
-15.231162483849916
-9.747943989663952
-6.769405548377747
-4.973440811053042
-3.807790620962479
-3.0086246881678864
-2.436985997415988
-1.6923513870944367
-1.2433602027632604
-0.9519476552406198
-0.7521561720419716
-0.609246499353997
-0.3899177595865583
-0.27077622193510975
-0.19893763244212154
-0.15231162483849925
-0.09747943989663957
-0.06769405548377744
-0.049734408110530384
-0.03807790620962481
-0.03008624688167887
-0.024369859974159892
-0.01692351387094436
-0.012433602027632596
-0.009519476552406203
-0.007521561720419717
-0.006092464993539973
-0.0038991775958655815
-0.0027077622193510988
-0.001989376324421215
-0.0015231162483849933
-0.0009747943989663954
-0.0006769405548377747
-0.0004973440811053037
-0.0003807790620962483
-0.0003008624688167885
-0.00024369859974159884
-0.00016923513870944367
-0.00012433602027632593
-9.519476552406208e-5
-7.521561720419712e-5
-6.092464993539971e-5
-3.89917759586558e-5
-2.7077622193510982e-5
-1.989376324421215e-5
-1.5231162483849928e-5
-9.74794398966395e-6
-6.7694055483777455e-6
-4.973440811053037e-6
-3.807790620962482e-6
-3.0086246881678875e-6
-2.4369859974159877e-6
-1.6923513870944364e-6
-1.2433602027632594e-6
-9.519476552406205e-7
-7.521561720419719e-7
-698448.4959592308
-447007.03741390776
-310421.5537596581
-228064.8150070956
-174612.1239898077
-111751.75935347694
-77605.38843991453
-57016.2037517739
-43653.030997451926
-34491.28375107312
-27937.939838369235
-19401.347109978633
-14254.050937943475
-10913.257749362981
-8622.82093776828
-6984.484959592309
-4470.070374139076
-3104.2155375965817
-2280.648150070957
-1746.1212398980772
-1117.517593534769
-776.0538843991454
-570.1620375177392
-436.5303099745193
-344.9128375107313
-279.37939838369226
-194.01347109978636
-142.5405093794348
-109.13257749362982
-86.22820937768283
-69.84484959592307
-44.700703741390775
-31.04215537596582
-22.806481500709594
-17.461212398980766
-11.175175935347694
-7.760538843991455
-5.701620375177399
-4.365303099745192
-3.44912837510731
-2.7937939838369235
-1.9401347109978637
-1.4254050937943497
-1.091325774936298
-0.8622820937768275
-0.6984484959592309
-0.4470070374139076
-0.31042155375965796
-0.22806481500709574
-0.17461212398980772
-0.1117517593534769
-0.07760538843991449
-0.057016203751773936
-0.04365303099745193
-0.03449128375107311
-0.027937939838369227
-0.019401347109978623
-0.014254050937943484
-0.010913257749362982
-0.008622820937768278
-0.006984484959592307
-0.0044700703741390796
-0.0031042155375965814
-0.0022806481500709562
-0.0017461212398980767
-0.0011175175935347699
-0.0007760538843991454
-0.0005701620375177391
-0.00043653030997451917
-0.00034491283751073113
-0.00027937939838369247
-0.00019401347109978634
-0.00014254050937943476
-0.00010913257749362979
-8.622820937768278e-5
-6.984484959592312e-5
-4.4700703741390746e-5
-3.1042155375965815e-5
-2.2806481500709568e-5
-1.746121239898078e-5
-1.1175175935347686e-5
-7.760538843991454e-6
-5.701620375177392e-6
-4.365303099745195e-6
-3.4491283751073134e-6
-2.7937939838369216e-6
-1.9401347109978635e-6
-1.425405093794348e-6
-1.0913257749362987e-6
-8.622820937768284e-7
-781183.7719371478
-499957.6140397745
-347192.78752762114
-255080.41532641547
-195295.94298428696
-124989.40350994363
-86798.19688190529
-63770.10383160387
-48823.98574607174
-38576.97639195789
-31247.350877485907
-21699.54922047632
-15942.525957900967
-12205.996436517935
-9644.244097989473
-7811.837719371477
-4999.576140397743
-3471.927875276212
-2550.804153264154
-1952.9594298428692
-1249.8940350994358
-867.981968819053
-637.7010383160385
-488.2398574607173
-385.7697639195793
-312.47350877485894
-216.99549220476325
-159.42525957900963
-122.05996436517933
-96.44244097989483
-78.11837719371474
-49.99576140397745
-34.71927875276212
-25.508041532641563
-19.529594298428684
-12.498940350994362
-8.67981968819053
-6.377010383160391
-4.882398574607171
-3.8576976391957905
-3.1247350877485904
-2.1699549220476326
-1.5942525957900977
-1.2205996436517927
-0.9644244097989476
-0.7811837719371476
-0.49995761403977457
-0.3471927875276212
-0.2550804153264155
-0.1952959429842869
-0.12498940350994364
-0.0867981968819053
-0.06377010383160388
-0.048823985746071726
-0.038576976391957916
-0.03124735087748591
-0.021699549220476327
-0.01594252595790097
-0.012205996436517931
-0.009644244097989479
-0.007811837719371478
-0.004999576140397746
-0.003471927875276213
-0.002550804153264156
-0.0019529594298428694
-0.0012498940350994365
-0.0008679819688190533
-0.000637701038316039
-0.00048823985746071735
-0.0003857697639195791
-0.0003124735087748591
-0.00021699549220476332
-0.00015942525957900975
-0.00012205996436517934
-9.644244097989478e-5
-7.811837719371478e-5
-4.999576140397744e-5
-3.471927875276213e-5
-2.550804153264155e-5
-1.9529594298428695e-5
-1.249894035099436e-5
-8.679819688190532e-6
-6.3770103831603876e-6
-4.882398574607174e-6
-3.85769763919579e-6
-3.12473508774859e-6
-2.169954922047633e-6
-1.5942525957900969e-6
-1.2205996436517934e-6
-9.644244097989475e-7
-857642.2837706947
-548891.0616132447
-381174.34834253095
-280046.46000675735
-214410.5709426737
-137222.76540331118
-95293.58708563274
-70011.61500168934
-53602.64273566842
-42352.70537139234
-34305.691350827794
-23823.396771408185
-17502.903750422334
-13400.660683917105
-10588.176342848084
-8576.422837706948
-5488.910616132445
-3811.7434834253104
-2800.4646000675734
-2144.105709426737
-1372.2276540331113
-952.9358708563276
-700.1161500168934
-536.0264273566843
-423.52705371392324
-343.05691350827783
-238.2339677140819
-175.02903750422334
-134.00660683917107
-105.88176342848081
-85.76422837706946
-54.889106161324484
-38.11743483425311
-28.004646000675763
-21.441057094267364
-13.722276540331121
-9.529358708563278
-7.001161500168941
-5.360264273566841
-4.235270537139234
-3.4305691350827803
-2.3823396771408194
-1.7502903750422352
-1.3400660683917103
-1.0588176342848086
-0.8576422837706951
-0.5488910616132444
-0.38117434834253094
-0.2800464600067577
-0.21441057094267377
-0.1372227654033111
-0.09529358708563274
-0.07001161500168943
-0.05360264273566844
-0.0423527053713923
-0.034305691350827776
-0.023823396771408184
-0.017502903750422356
-0.01340066068391711
-0.010588176342848076
-0.008576422837706944
-0.005488910616132446
-0.00381174348342531
-0.0028004646000675732
-0.002144105709426736
-0.0013722276540331115
-0.0009529358708563275
-0.0007001161500168933
-0.000536026427356684
-0.00042352705371392327
-0.00034305691350827787
-0.00023823396771408188
-0.00017502903750422333
-0.000134006606839171
-0.00010588176342848082
-8.576422837706947e-5
-5.4889106161324444e-5
-3.8117434834253106e-5
-2.8004646000675745e-5
-2.1441057094267367e-5
-1.3722276540331111e-5
-9.529358708563276e-6
-7.001161500168936e-6
-5.360264273566842e-6
-4.2352705371392345e-6
-3.4305691350827778e-6
-2.382339677140819e-6
-1.750290375042234e-6
-1.3400660683917104e-6
-1.0588176342848086e-6
-927978.5863730006
-593906.2952787204
-412434.92727688904
-303013.41595853074
-231994.64659325016
-148476.5738196801
-103108.73181922226
-75753.35398963268
-57998.66164831254
-45826.10303076547
-37119.14345492003
-25777.182954805565
-18938.33849740817
-14499.665412078135
-11456.525757691368
-9279.785863730007
-5939.062952787203
-4124.349272768894
-3030.1341595853078
-2319.9464659325017
-1484.7657381968008
-1031.0873181922234
-757.5335398963269
-579.9866164831254
-458.2610303076547
-371.1914345492002
-257.77182954805585
-189.38338497408174
-144.99665412078136
-114.56525757691368
-92.79785863730005
-59.39062952787202
-41.24349272768894
-30.301341595853078
-23.199464659325013
-14.847657381968006
-10.310873181922235
-7.5753353989632695
-5.799866164831253
-4.582610303076544
-3.7119143454920014
-2.5777182954805586
-1.8938338497408174
-1.4499665412078133
-1.145652575769136
-0.9279785863730003
-0.5939062952787205
-0.41243492727688896
-0.30301341595853093
-0.2319946465932501
-0.14847657381968013
-0.10310873181922224
-0.07575335398963273
-0.05799866164831252
-0.04582610303076544
-0.03711914345492003
-0.02577718295480556
-0.018938338497408183
-0.01449966541207813
-0.01145652575769136
-0.009279785863730008
-0.005939062952787206
-0.004124349272768895
-0.003030134159585307
-0.002319946465932502
-0.0014847657381968015
-0.0010310873181922238
-0.0007575335398963268
-0.0005799866164831255
-0.00045826103030765445
-0.0003711914345492004
-0.00025777182954805596
-0.0001893833849740817
-0.00014499665412078138
-0.00011456525757691361
-9.27978586373001e-5
-5.939062952787202e-5
-4.124349272768891e-5
-3.030134159585307e-5
-2.3199464659325024e-5
-1.4847657381968006e-5
-1.0310873181922227e-5
-7.575335398963268e-6
-5.799866164831256e-6
-4.582610303076546e-6
-3.7119143454920015e-6
-2.577718295480557e-6
-1.893833849740817e-6
-1.449966541207814e-6
-1.1456525757691365e-6
-992333.9557771604
-635093.7316973826
-441037.3136787381
-324027.41413131764
-248083.4889442901
-158773.43292434566
-110259.32841968452
-81006.85353282941
-62020.87223607252
-49004.145964304225
-39693.358231086415
-27564.83210492113
-20251.713383207352
-15505.21805901813
-12251.036491076056
-9923.339557771604
-6350.937316973821
-4410.373136787381
-3240.274141313175
-2480.834889442901
-1587.7343292434552
-1102.5932841968452
-810.0685353282937
-620.2087223607252
-490.04145964304223
-396.9335823108638
-275.6483210492113
-202.51713383207343
-155.0521805901813
-122.51036491076056
-99.23339557771595
-63.50937316973827
-44.10373136787381
-32.40274141313177
-24.80834889442899
-15.877343292434567
-11.025932841968453
-8.100685353282943
-6.202087223607247
-4.900414596430418
-3.9693358231086417
-2.7564832104921133
-2.0251713383207357
-1.5505218059018118
-1.2251036491076046
-0.9923339557771604
-0.6350937316973827
-0.4410373136787379
-0.3240274141313177
-0.2480834889442901
-0.15877343292434568
-0.11025932841968447
-0.08100685353282942
-0.06202087223607253
-0.04900414596430421
-0.03969335823108642
-0.027564832104921118
-0.020251713383207356
-0.015505218059018132
-0.012251036491076053
-0.009923339557771605
-0.006350937316973825
-0.004410373136787379
-0.0032402741413131765
-0.002480834889442901
-0.0015877343292434562
-0.0011025932841968447
-0.0008100685353282941
-0.0006202087223607253
-0.000490041459643042
-0.00039693358231086405
-0.00027564832104921117
-0.00020251713383207353
-0.00015505218059018132
-0.0001225103649107605
-9.923339557771601e-5
-6.350937316973825e-5
-4.4103731367873796e-5
-3.240274141313178e-5
-2.4808348894429003e-5
-1.5877343292434563e-5
-1.1025932841968449e-5
-8.100685353282945e-6
-6.202087223607251e-6
-4.900414596430422e-6
-3.969335823108641e-6
-2.7564832104921122e-6
-2.0251713383207363e-6
-1.5505218059018127e-6
-1.2251036491076055e-6
-1.0508146793666054e6
-672521.3947946274
-467028.7463851582
-343123.1606095039
-262703.66984165134
-168130.34869865686
-116757.18659628955
-85780.79015237598
-65675.91746041283
-51892.08293168423
-42032.587174664215
-29189.29664907239
-21445.197538093995
-16418.97936510321
-12973.020732921057
-10508.146793666054
-6725.213947946275
-4670.287463851582
-3431.231606095038
-2627.0366984165134
-1681.3034869865687
-1167.5718659628956
-857.8079015237595
-656.7591746041284
-518.9208293168425
-420.3258717466422
-291.8929664907239
-214.45197538093987
-164.1897936510321
-129.73020732921063
-105.08146793666054
-67.25213947946276
-46.70287463851583
-34.312316060950415
-26.270366984165136
-16.81303486986569
-11.675718659628957
-8.578079015237604
-6.567591746041284
-5.189208293168421
-4.203258717466422
-2.9189296649072394
-2.144519753809401
-1.641897936510321
-1.2973020732921052
-1.0508146793666056
-0.6725213947946276
-0.46702874638515784
-0.34312316060950393
-0.2627036698416514
-0.1681303486986569
-0.11675718659628946
-0.08578079015237598
-0.06567591746041285
-0.051892082931684236
-0.042032587174664224
-0.029189296649072365
-0.021445197538093996
-0.016418979365103212
-0.012973020732921059
-0.010508146793666056
-0.006725213947946277
-0.004670287463851581
-0.0034312316060950395
-0.002627036698416514
-0.0016813034869865692
-0.0011675718659628952
-0.0008578079015237599
-0.0006567591746041285
-0.0005189208293168422
-0.0004203258717466423
-0.0002918929664907238
-0.00021445197538093997
-0.00016418979365103212
-0.00012973020732921054
-0.00010508146793666058
-6.725213947946274e-5
-4.6702874638515796e-5
-3.431231606095039e-5
-2.6270366984165144e-5
-1.6813034869865685e-5
-1.1675718659628949e-5
-8.578079015237597e-6
-6.567591746041286e-6
-5.189208293168426e-6
-4.203258717466421e-6
-2.9189296649072372e-6
-2.1445197538093992e-6
-1.6418979365103215e-6
-1.2973020732921066e-6
-1.1035108813139678e6
-706246.9640409393
-490449.28058398556
-360330.0836943566
-275877.72032849194
-176561.74101023484
-122612.32014599639
-90082.52092358915
-68969.43008212298
-54494.36450933175
-44140.43525255871
-30653.080036499097
-22520.630230897288
-17242.357520530746
-13623.591127332937
-11035.108813139677
-7062.46964040939
-4904.492805839857
-3603.300836943566
-2758.7772032849193
-1765.6174101023475
-1226.1232014599643
-900.8252092358915
-689.6943008212298
-544.9436450933171
-441.4043525255869
-306.5308003649911
-225.20630230897288
-172.42357520530746
-136.23591127332926
-110.35108813139672
-70.62469640409392
-49.044928058398554
-36.03300836943567
-27.58777203284918
-17.65617410102348
-12.261232014599639
-9.008252092358918
-6.896943008212295
-5.449436450933171
-4.41404352525587
-3.0653080036499096
-2.2520630230897294
-1.7242357520530738
-1.3623591127332928
-1.1035108813139676
-0.7062469640409389
-0.4904492805839851
-0.3603300836943567
-0.2758777203284919
-0.17656174101023472
-0.12261232014599628
-0.09008252092358918
-0.06896943008212297
-0.05449436450933172
-0.04414043525255868
-0.03065308003649907
-0.022520630230897294
-0.017242357520530743
-0.01362359112733293
-0.01103510881313967
-0.007062469640409389
-0.004904492805839855
-0.0036033008369435664
-0.0027587772032849176
-0.0017656174101023472
-0.0012261232014599637
-0.0009008252092358916
-0.0006896943008212294
-0.0005449436450933174
-0.0004414043525255868
-0.0003065308003649909
-0.0002252063023089729
-0.00017242357520530735
-0.00013623591127332935
-0.0001103510881313967
-7.062469640409388e-5
-4.904492805839857e-5
-3.6033008369435684e-5
-2.7587772032849175e-5
-1.765617410102347e-5
-1.2261232014599642e-5
-9.008252092358921e-6
-6.896943008212294e-6
-5.449436450933172e-6
-4.414043525255867e-6
-3.0653080036499106e-6
-2.2520630230897302e-6
-1.7242357520530734e-6
-1.362359112733293e-6
-1.150478386853711e6
-736306.1675863747
-511323.7274905379
-375666.4120338647
-287619.59671342775
-184076.54189659367
-127830.93187263448
-93916.60300846618
-71904.89917835694
-56813.74749894869
-46019.13547414842
-31957.73296815862
-23479.150752116544
-17976.224794589234
-14203.436874737172
-11504.783868537104
-7363.061675863744
-5113.23727490538
-3756.6641203386453
-2876.195967134276
-1840.765418965936
-1278.309318726345
-939.1660300846613
-719.048991783569
-568.1374749894869
-460.191354741484
-319.57732968158626
-234.79150752116533
-179.76224794589226
-142.03436874737173
-115.047838685371
-73.63061675863746
-51.13237274905382
-37.566641203386475
-28.76195967134275
-18.407654189659365
-12.783093187263455
-9.391660300846619
-7.190489917835688
-5.681374749894867
-4.601913547414841
-3.195773296815864
-2.3479150752116547
-1.797622479458922
-1.4203436874737168
-1.1504783868537103
-0.7363061675863747
-0.5113237274905382
-0.37566641203386464
-0.28761959671342757
-0.18407654189659367
-0.12783093187263456
-0.09391660300846616
-0.07190489917835689
-0.056813747498948665
-0.04601913547414842
-0.03195773296815864
-0.02347915075211654
-0.017976224794589223
-0.014203436874737166
-0.011504783868537104
-0.0073630616758637475
-0.005113237274905379
-0.0037566641203386464
-0.002876195967134276
-0.0018407654189659369
-0.0012783093187263448
-0.0009391660300846616
-0.000719048991783569
-0.0005681374749894867
-0.0004601913547414842
-0.0003195773296815862
-0.0002347915075211654
-0.00017976224794589226
-0.00014203436874737167
-0.00011504783868537105
-7.363061675863749e-5
-5.113237274905378e-5
-3.756664120338647e-5
-2.8761959671342764e-5
-1.840765418965937e-5
-1.2783093187263445e-5
-9.391660300846617e-6
-7.190489917835691e-6
-5.681374749894867e-6
-4.601913547414843e-6
-3.1957732968158614e-6
-2.347915075211654e-6
-1.7976224794589227e-6
-1.4203436874737167e-6
