1.235699678678363e9
7.908477943541524e8
5.491998571903837e8
4.0349377262966955e8
3.089249196695908e8
1.977119485885381e8
1.3729996429759592e8
1.0087344315741739e8
7.72312299173977e7
6.102220635448708e7
4.942798714713453e7
3.432499107439898e7
2.5218360789354347e7
1.9307807479349423e7
1.525555158862177e7
1.2356996786783632e7
7.908477943541522e6
5.491998571903837e6
4.0349377262966945e6
3.089249196695908e6
1.9771194858853805e6
1.3729996429759592e6
1.0087344315741736e6
772312.299173977
610222.0635448707
494279.87147134513
343249.9107439898
252183.6078935434
193078.07479349425
152555.51588621768
123569.96786783628
79084.77943541524
54919.98571903837
40349.37726296697
30892.49196695907
19771.19485885381
13729.996429759593
10087.344315741742
7723.122991739768
6102.220635448705
4942.798714713453
3432.499107439898
2521.8360789354356
1930.780747934942
1525.5551588621763
1235.6996786783632
790.8477943541524
549.1998571903835
403.49377262966965
308.9249196695908
197.7119485885381
137.29996429759586
100.87344315741741
77.2312299173977
61.02220635448706
49.42798714713452
34.324991074398966
25.218360789354353
19.307807479349425
15.255551588621765
12.35699678678363
7.9084779435415244
5.491998571903836
4.034937726296696
3.0892491966959077
1.9771194858853811
1.372999642975959
1.008734431574174
0.7723122991739769
0.6102220635448707
0.4942798714713453
0.34324991074398975
0.2521836078935435
0.19307807479349423
0.15255551588621769
0.12356996786783632
0.07908477943541523
0.05491998571903836
0.04034937726296696
0.03089249196695908
0.019771194858853806
0.01372999642975959
0.01008734431574174
0.00772312299173977
0.006102220635448708
0.004942798714713452
0.0034324991074398976
0.002521836078935435
0.0019307807479349425
0.001525555158862177
7.752595894669268e7
4.961661372588332e7
3.4455981754085645e7
2.5314598839736383e7
1.938148973667317e7
1.240415343147083e7
8.613995438521411e6
6.328649709934096e6
4.845372434168292e6
3.8284424171206267e6
3.1010383578677075e6
2.153498859630353e6
1.582162427483524e6
1.211343108542073e6
957110.6042801567
775259.5894669269
496166.13725883304
344559.81754085637
253145.98839736378
193814.89736673172
124041.53431470826
86139.95438521409
63286.497099340944
48453.72434168293
38284.424171206265
31010.383578677065
21534.988596303523
15821.624274835236
12113.431085420732
9571.106042801566
7752.595894669266
4961.661372588332
3445.598175408564
2531.4598839736395
1938.1489736673166
1240.415343147083
861.399543852141
632.8649709934099
484.53724341682914
382.8442417120625
310.10383578677073
215.34988596303526
158.21624274835247
121.13431085420729
95.71106042801563
77.52595894669268
49.61661372588331
34.45598175408563
25.31459883973639
19.38148973667317
12.404153431470828
8.613995438521407
6.328649709934098
4.845372434168293
3.828442417120626
3.101038357867707
2.1534988596303517
1.5821624274835244
1.2113431085420732
0.9571106042801565
0.7752595894669267
0.4961661372588332
0.34455981754085635
0.25314598839736385
0.1938148973667317
0.1240415343147083
0.08613995438521409
0.06328649709934096
0.04845372434168292
0.03828442417120627
0.031010383578677074
0.021534988596303522
0.01582162427483524
0.01211343108542073
0.009571106042801567
0.0077525958946692685
0.004961661372588331
0.0034455981754085633
0.0025314598839736384
0.0019381489736673171
0.0012404153431470827
0.0008613995438521408
0.0006328649709934096
0.0004845372434168293
0.00038284424171206266
0.0003101038357867707
0.0002153498859630352
0.0001582162427483524
0.00012113431085420732
9.571106042801567e-5
1.5411343672457233e7
9.863259950372629e6
6.849486076647661e6
5.032275484883994e6
3.8528359181143083e6
2.465814987593157e6
1.7123715191619152e6
1.2580688712209985e6
963208.9795285771
761054.0085164066
616453.7468982893
428092.8797904788
314517.2178052496
240802.24488214427
190263.50212910166
154113.43672457233
98632.59950372626
68494.8607664766
50322.754848839926
38528.35918114308
24658.149875931565
17123.71519161915
12580.688712209982
9632.08979528577
7610.540085164066
6164.537468982891
4280.928797904788
3145.1721780524954
2408.0224488214426
1902.6350212910165
1541.1343672457228
986.3259950372629
684.948607664766
503.2275484883996
385.2835918114307
246.58149875931574
171.2371519161915
125.8068871220999
96.32089795285768
76.10540085164062
61.645374689828934
42.80928797904787
31.451721780524974
24.08022448821442
19.026350212910156
15.411343672457233
9.863259950372628
6.849486076647657
5.0322754848839955
3.8528359181143084
2.465814987593157
1.7123715191619142
1.2580688712209989
0.9632089795285771
0.7610540085164065
0.6164537468982892
0.42809287979047855
0.3145172178052497
0.24080224488214427
0.19026350212910162
0.1541134367245723
0.09863259950372628
0.06849486076647658
0.05032275484883994
0.03852835918114308
0.02465814987593157
0.017123715191619145
0.012580688712209985
0.00963208979528577
0.007610540085164066
0.006164537468982893
0.004280928797904786
0.0031451721780524963
0.0024080224488214424
0.0019026350212910164
0.0015411343672457232
0.0009863259950372628
0.0006849486076647658
0.0005032275484883994
0.0003852835918114308
0.0002465814987593157
0.00017123715191619146
0.00012580688712209985
9.63208979528577e-5
7.610540085164066e-5
6.164537468982892e-5
4.2809287979047865e-5
3.1451721780524964e-5
2.4080224488214425e-5
1.9026350212910166e-5
4.919831855179423e6
3.148692387314831e6
2.1865919356352994e6
1.606475707813689e6
1.2299579637948556e6
787173.0968287077
546647.9839088249
401618.92695342225
307489.4909487139
242954.65951503324
196793.27420717693
136661.9959772062
100404.73173835556
76872.37273717848
60738.66487875831
49198.31855179423
31486.9238731483
21865.91935635299
16064.757078136885
12299.579637948558
7871.730968287075
5466.479839088248
4016.1892695342212
3074.8949094871396
2429.5465951503325
1967.9327420717686
1366.619959772062
1004.0473173835553
768.7237273717849
607.3866487875831
491.98318551794216
314.86923873148305
218.65919356352995
160.64757078136896
122.99579637948554
78.71730968287076
54.66479839088249
40.16189269534224
30.748949094871385
24.295465951503314
19.67932742071769
13.666199597720622
10.04047317383556
7.687237273717846
6.073866487875828
4.919831855179423
3.1486923873148305
2.1865919356352985
1.6064757078136893
1.2299579637948557
0.7871730968287076
0.5466479839088246
0.40161892695342233
0.3074894909487139
0.2429546595150332
0.1967932742071769
0.13666199597720616
0.10040473173835558
0.07687237273717848
0.0607386648787583
0.049198318551794226
0.031486923873148304
0.021865919356352986
0.01606475707813689
0.012299579637948557
0.007871730968287076
0.005466479839088247
0.004016189269534222
0.003074894909487139
0.0024295465951503325
0.001967932742071769
0.0013666199597720616
0.0010040473173835555
0.0007687237273717848
0.0006073866487875831
0.0004919831855179422
0.000314869238731483
0.00021865919356352988
0.0001606475707813689
0.00012299579637948556
7.871730968287075e-5
5.466479839088247e-5
4.0161892695342225e-5
3.074894909487139e-5
2.4295465951503323e-5
1.9679327420717687e-5
1.3666199597720617e-5
1.0040473173835556e-5
7.687237273717848e-6
6.073866487875831e-6
2.0383754390705877e6
1.3045602810051762e6
905944.6395869281
665591.9801046817
509593.85976764694
326140.07025129406
226486.15989673202
166397.99502617042
127398.46494191173
100660.51550965867
81535.01756282352
56621.539974183004
41599.498756542605
31849.616235477934
25165.128877414667
20383.75439070588
13045.60281005176
9059.44639586928
6655.919801046814
5095.93859767647
3261.40070251294
2264.86159896732
1663.9799502617036
1273.9846494191174
1006.6051550965866
815.350175628235
566.21539974183
415.9949875654259
318.49616235477936
251.65128877414665
203.83754390705874
130.4560281005176
90.59446395869281
66.5591980104682
50.959385976764686
32.6140070251294
22.648615989673203
16.63979950261705
12.739846494191172
10.066051550965863
8.15350175628235
5.662153997418301
4.159949875654262
3.184961623547793
2.5165128877414658
2.0383754390705877
1.3045602810051762
0.9059446395869277
0.6655919801046819
0.5095938597676469
0.32614007025129405
0.22648615989673193
0.16639799502617048
0.12739846494191173
0.10066051550965864
0.08153501756282351
0.05662153997418298
0.04159949875654262
0.03184961623547793
0.02516512887741466
0.020383754390705878
0.013045602810051762
0.009059446395869279
0.006655919801046817
0.0050959385976764695
0.0032614007025129404
0.0022648615989673197
0.0016639799502617043
0.0012739846494191174
0.0010066051550965867
0.0008153501756282351
0.0005662153997418299
0.00041599498756542607
0.00031849616235477934
0.00025165128877414666
0.00020383754390705878
0.0001304560281005176
9.059446395869279e-5
6.655919801046817e-5
5.0959385976764694e-5
3.26140070251294e-5
2.2648615989673197e-5
1.6639799502617042e-5
1.2739846494191174e-5
1.0066051550965866e-5
8.15350175628235e-6
5.662153997418299e-6
4.1599498756542605e-6
3.1849616235477934e-6
2.5165128877414666e-6
996887.7468255431
638008.1579683477
443061.2208113526
325514.36631038145
249221.93670638578
159502.03949208691
110765.30520283815
81378.59157759536
62305.484176596445
49229.024534594726
39875.50987302173
27691.326300709537
20344.64789439884
15576.371044149111
12307.256133648681
9968.877468255432
6380.081579683475
4430.612208113525
3255.143663103813
2492.219367063858
1595.0203949208687
1107.6530520283814
813.7859157759533
623.0548417659645
492.29024534594726
398.7550987302172
276.91326300709534
203.44647894398832
155.76371044149113
123.07256133648681
99.6887746825543
63.80081579683476
44.306122081135264
32.55143663103815
24.922193670638574
15.95020394920869
11.076530520283816
8.137859157759538
6.2305484176596435
4.9229024534594705
3.9875509873021726
2.769132630070954
2.0344647894398844
1.5576371044149109
1.2307256133648676
0.9968877468255432
0.6380081579683476
0.4430612208113524
0.3255143663103815
0.2492219367063858
0.1595020394920869
0.1107653052028381
0.08137859157759537
0.06230548417659645
0.04922902453459472
0.03987550987302173
0.027691326300709525
0.020344647894398844
0.015576371044149112
0.01230725613364868
0.009968877468255432
0.006380081579683477
0.004430612208113525
0.0032551436631038143
0.002492219367063858
0.0015950203949208692
0.0011076530520283813
0.0008137859157759536
0.0006230548417659645
0.0004922902453459473
0.0003987550987302173
0.0002769132630070953
0.0002034464789439884
0.00015576371044149112
0.00012307256133648682
9.968877468255432e-5
6.380081579683475e-5
4.430612208113525e-5
3.255143663103814e-5
2.492219367063858e-5
1.595020394920869e-5
1.1076530520283813e-5
8.137859157759536e-6
6.230548417659645e-6
4.922902453459473e-6
3.987550987302172e-6
2.7691326300709533e-6
2.034464789439884e-6
1.5576371044149113e-6
1.2307256133648683e-6
547096.53440407
350141.78201860486
243154.01529069786
178643.76633602288
136774.1336010175
87535.44550465122
60788.503822674465
44660.94158400572
34193.533400254375
27017.112810077535
21883.861376162804
15197.125955668616
11165.23539600143
8548.383350063594
6754.278202519384
5470.965344040701
3501.4178201860477
2431.540152906978
1786.437663360228
1367.7413360101752
875.3544550465119
607.8850382267445
446.609415840057
341.9353340025438
270.1711281007754
218.83861376162798
151.97125955668614
111.65235396001425
85.48383350063595
67.54278202519384
54.709653440406996
35.01417820186048
24.315401529069785
17.864376633602294
13.677413360101749
8.75354455046512
6.078850382267446
4.4660941584005736
3.4193533400254372
2.7017112810077526
2.18838613761628
1.5197125955668616
1.1165235396001434
0.8548383350063593
0.6754278202519381
0.54709653440407
0.3501417820186048
0.24315401529069774
0.1786437663360229
0.1367741336010175
0.0875354455046512
0.060788503822674436
0.04466094158400573
0.034193533400254376
0.027017112810077532
0.0218838613761628
0.015197125955668609
0.011165235396001432
0.008548383350063594
0.006754278202519383
0.0054709653440407
0.0035014178201860486
0.0024315401529069777
0.0017864376633602286
0.001367741336010175
0.0008753544550465121
0.0006078850382267444
0.00044660941584005715
0.00034193533400254375
0.00027017112810077536
0.00021883861376162804
0.0001519712595566861
0.00011165235396001429
8.548383350063594e-5
6.754278202519384e-5
5.470965344040701e-5
3.501417820186048e-5
2.431540152906978e-5
1.7864376633602287e-5
1.3677413360101752e-5
8.75354455046512e-6
6.078850382267445e-6
4.466094158400572e-6
3.419353340025438e-6
2.701711281007754e-6
2.18838613761628e-6
1.5197125955668612e-6
1.116523539600143e-6
8.548383350063595e-7
6.754278202519384e-7
326907.1667137323
209220.58669678867
145292.07409499216
106745.19729427992
81726.79167843307
52305.14667419717
36323.01852374804
26686.29932356998
20431.69791960827
16143.56378833246
13076.286668549292
9080.75463093701
6671.574830892495
5107.924479902067
4035.890947083115
3269.071667137323
2092.2058669678863
1452.9207409499213
1067.4519729427989
817.2679167843307
523.0514667419716
363.2301852374803
266.8629932356997
204.31697919608268
161.4356378833246
130.7628666854929
90.80754630937008
66.71574830892493
51.07924479902067
40.35890947083115
32.690716671373224
20.922058669678865
14.529207409499215
10.674519729427995
8.172679167843306
5.230514667419716
3.6323018523748036
2.668629932356999
2.0431697919608265
1.6143563788332453
1.307628666854929
0.9080754630937009
0.6671574830892497
0.5107924479902066
0.40358909470831134
0.32690716671373227
0.20922058669678864
0.1452920740949921
0.10674519729427995
0.08172679167843307
0.05230514667419716
0.03632301852374802
0.026686299323569987
0.020431697919608267
0.016143563788332458
0.01307628666854929
0.009080754630937006
0.006671574830892497
0.005107924479902067
0.0040358909470831145
0.0032690716671373225
0.0020922058669678866
0.0014529207409499211
0.001067451972942799
0.0008172679167843306
0.0005230514667419716
0.0003632301852374803
0.0002668629932356998
0.00020431697919608266
0.0001614356378833246
0.0001307628666854929
9.080754630937007e-5
6.671574830892494e-5
5.1079244799020664e-5
4.035890947083115e-5
3.269071667137323e-5
2.0922058669678864e-5
1.4529207409499212e-5
1.0674519729427992e-5
8.172679167843307e-6
5.230514667419716e-6
3.632301852374803e-6
2.668629932356998e-6
2.0431697919608267e-6
1.614356378833246e-6
1.307628666854929e-6
9.080754630937008e-7
6.671574830892495e-7
5.107924479902067e-7
4.035890947083115e-7
208579.93984806948
133491.16150276447
92702.19548803089
68107.73546059411
52144.98496201737
33372.79037569112
23175.548872007723
17026.933865148527
13036.246240504342
10300.243943114543
8343.19759392278
5793.887218001931
4256.733466287132
3259.0615601260856
2575.0609857786358
2085.799398480695
1334.9116150276443
927.0219548803088
681.0773546059409
521.4498496201737
333.7279037569111
231.7554887200772
170.2693386514852
130.36246240504343
103.00243943114543
83.43197593922777
57.9388721800193
42.5673346628713
32.59061560126086
25.75060985778636
20.857993984806942
13.349116150276446
9.27021954880309
6.810773546059413
5.2144984962017356
3.3372790375691115
2.3175548872007723
1.7026933865148532
1.3036246240504339
1.030024394311454
0.8343197593922779
0.5793887218001931
0.4256733466287133
0.32590615601260847
0.2575060985778635
0.20857993984806947
0.13349116150276447
0.09270219548803085
0.06810773546059412
0.05214498496201737
0.033372790375691117
0.023175548872007713
0.01702693386514853
0.013036246240504342
0.01030024394311454
0.008343197593922779
0.005793887218001928
0.0042567334662871326
0.0032590615601260854
0.002575060985778635
0.0020857993984806948
0.0013349116150276447
0.0009270219548803087
0.0006810773546059411
0.0005214498496201737
0.0003337279037569112
0.00023175548872007718
0.00017026933865148526
0.00013036246240504342
0.00010300243943114543
8.34319759392278e-5
5.7938872180019294e-5
4.2567334662871316e-5
3.2590615601260856e-5
2.5750609857786358e-5
2.085799398480695e-5
1.3349116150276445e-5
9.270219548803087e-6
6.810773546059411e-6
5.214498496201737e-6
3.337279037569111e-6
2.3175548872007718e-6
1.7026933865148528e-6
1.3036246240504343e-6
1.0300243943114543e-6
8.343197593922778e-7
5.793887218001929e-7
4.256733466287132e-7
3.259061560126086e-7
2.5750609857786357e-7
140229.0986710594
89746.62314947801
62324.04385380418
45789.09344361122
35057.27466776485
22436.655787369502
15581.010963451045
11447.273360902806
8764.318666941212
6924.893761533797
5609.1639468423755
3895.252740862761
2861.8183402257014
2191.079666735303
1731.2234403834493
1402.2909867105939
897.4662314947798
623.2404385380418
457.8909344361121
350.57274667764847
224.36655787369494
155.81010963451044
114.47273360902803
87.64318666941212
69.24893761533797
56.091639468423736
38.95252740862761
28.618183402257007
21.91079666735303
17.31223440383449
14.022909867105934
8.9746623149478
6.232404385380418
4.578909344361124
3.5057274667764835
2.24366557873695
1.5581010963451045
1.144727336090281
0.8764318666941209
0.6924893761533795
0.5609163946842375
0.38952527408627613
0.28618183402257025
0.21910796667353022
0.17312234403834487
0.14022909867105937
0.089746623149478
0.062324043853804155
0.045789093443611234
0.03505727466776484
0.0224366557873695
0.015581010963451039
0.011447273360902809
0.00876431866694121
0.006924893761533796
0.005609163946842375
0.0038952527408627597
0.002861818340225702
0.0021910796667353027
0.001731223440383449
0.0014022909867105937
0.00089746623149478
0.0006232404385380417
0.0004578909344361122
0.0003505727466776484
0.000224366557873695
0.00015581010963451041
0.00011447273360902806
8.76431866694121e-5
6.924893761533798e-5
5.609163946842375e-5
3.8952527408627604e-5
2.8618183402257014e-5
2.1910796667353027e-5
1.7312234403834494e-5
1.4022909867105938e-5
8.974662314947799e-6
6.232404385380417e-6
4.578909344361122e-6
3.5057274667764845e-6
2.2436655787369497e-6
1.5581010963451042e-6
1.1447273360902805e-6
8.764318666941211e-7
6.924893761533797e-7
5.609163946842374e-7
3.8952527408627605e-7
2.861818340225701e-7
2.1910796667353028e-7
1.7312234403834493e-7
98403.10016848223
62977.984107828626
43734.711185992106
32131.62454481052
24600.775042120556
15744.496026957157
10933.677796498027
8032.90613620263
6150.193760530139
4859.412353999122
3936.124006739289
2733.4194491245066
2008.2265340506574
1537.5484401325348
1214.8530884997806
984.0310016848223
629.779841078286
437.34711185992103
321.31624544810506
246.00775042120557
157.4449602695715
109.33677796498026
80.32906136202627
61.50193760530139
48.59412353999122
39.36124006739288
27.334194491245064
20.082265340506567
15.375484401325348
12.148530884997806
9.84031001684822
6.297798410782862
4.373471118599211
3.213162454481053
2.460077504212055
1.5744496026957155
1.0933677796498027
0.8032906136202632
0.6150193760530137
0.4859412353999121
0.3936124006739289
0.2733419449124507
0.2008226534050658
0.15375484401325343
0.12148530884997802
0.09840310016848222
0.06297798410782862
0.043734711185992085
0.03213162454481053
0.024600775042120555
0.015744496026957155
0.010933677796498021
0.008032906136202632
0.006150193760530139
0.004859412353999121
0.003936124006739289
0.0027334194491245053
0.002008226534050658
0.0015375484401325347
0.0012148530884997803
0.0009840310016848222
0.0006297798410782862
0.00043734711185992094
0.0003213162454481052
0.00024600775042120555
0.00015744496026957156
0.00010933677796498024
8.03290613620263e-5
6.150193760530139e-5
4.859412353999123e-5
3.936124006739289e-5
2.733419449124506e-5
2.0082265340506574e-5
1.5375484401325347e-5
1.2148530884997807e-5
9.840310016848223e-6
6.297798410782861e-6
4.37347111859921e-6
3.213162454481052e-6
2.4600775042120556e-6
1.5744496026957152e-6
1.0933677796498025e-6
8.03290613620263e-7
6.150193760530139e-7
4.859412353999123e-7
3.936124006739288e-7
2.733419449124506e-7
2.0082265340506575e-7
1.5375484401325348e-7
1.2148530884997807e-7
71573.32
45806.92480000001
31810.364444444454
23370.88
17893.33
11451.731200000002
7952.591111111114
5842.72
4473.3325
3534.4849382716056
2862.9328000000005
1988.1477777777784
1460.68
1118.333125
883.6212345679014
715.7332000000001
458.06924799999996
318.1036444444445
233.70879999999994
178.93330000000003
114.51731199999999
79.52591111111113
58.427199999999985
44.73332500000001
35.344849382716056
28.629327999999997
19.881477777777782
14.606799999999996
11.183331250000002
8.836212345679014
7.157331999999999
4.580692480000001
3.1810364444444454
2.337088000000001
1.7893329999999998
1.1451731200000002
0.7952591111111114
0.5842720000000002
0.44733324999999996
0.3534484938271604
0.28629328000000004
0.19881477777777784
0.14606800000000006
0.11183331249999999
0.0883621234567901
0.07157332000000001
0.0458069248
0.03181036444444444
0.023370880000000007
0.017893330000000002
0.0114517312
0.00795259111111111
0.005842720000000002
0.004473332500000001
0.003534484938271605
0.0028629328
0.0019881477777777775
0.0014606800000000004
0.0011183331250000002
0.0008836212345679013
0.0007157332
0.00045806924800000006
0.00031810364444444445
0.0002337088
0.0001789333
0.00011451731200000002
7.952591111111111e-5
5.84272e-5
4.4733325e-5
3.534484938271606e-5
2.8629328000000004e-5
1.9881477777777778e-5
1.46068e-5
1.118333125e-5
8.836212345679014e-6
7.157332000000001e-6
4.58069248e-6
3.1810364444444447e-6
2.337088e-6
1.7893330000000002e-6
1.14517312e-6
7.952591111111112e-7
5.84272e-7
4.4733325000000006e-7
3.5344849382716057e-7
2.8629328e-7
1.988147777777778e-7
1.46068e-7
1.1183331250000001e-7
8.836212345679014e-8
53674.13871237307
34351.44877591877
23855.172761054702
17526.249375468757
13418.534678093267
8587.862193979692
5963.793190263676
4381.562343867189
3354.6336695233167
2650.5747512283
2146.965548494923
1490.948297565919
1095.3905859667973
838.6584173808292
662.643687807075
536.7413871237308
343.5144877591876
238.551727610547
175.2624937546875
134.1853467809327
85.8786219397969
59.63793190263675
43.81562343867188
33.54633669523317
26.505747512283
21.469655484949225
14.909482975659188
10.95390585966797
8.386584173808293
6.62643687807075
5.367413871237306
3.4351448775918767
2.38551727610547
1.7526249375468763
1.3418534678093266
0.8587862193979692
0.5963793190263675
0.4381562343867191
0.33546336695233164
0.2650574751228299
0.2146965548494923
0.14909482975659188
0.10953905859667977
0.08386584173808291
0.06626436878070747
0.05367413871237307
0.034351448775918766
0.023855172761054692
0.01752624937546876
0.013418534678093268
0.008587862193979692
0.005963793190263673
0.00438156234386719
0.003354633669523317
0.0026505747512282993
0.002146965548494923
0.0014909482975659183
0.0010953905859667976
0.0008386584173808293
0.0006626436878070748
0.0005367413871237307
0.00034351448775918764
0.00023855172761054697
0.00017526249375468756
0.00013418534678093268
8.587862193979691e-5
5.963793190263674e-5
4.381562343867189e-5
3.354633669523317e-5
2.6505747512283e-5
2.1469655484949228e-5
1.4909482975659186e-5
1.0953905859667972e-5
8.386584173808293e-6
6.62643687807075e-6
5.367413871237307e-6
3.435144877591876e-6
2.38551727610547e-6
1.7526249375468757e-6
1.3418534678093267e-6
8.58786219397969e-7
5.963793190263675e-7
4.381562343867189e-7
3.354633669523317e-7
2.6505747512283e-7
2.1469655484949226e-7
1.4909482975659187e-7
1.0953905859667973e-7
8.386584173808292e-8
6.62643687807075e-8
41330.054198016835
26451.234686730775
18368.912976896372
13495.52790139325
10332.513549504209
6612.808671682694
4592.228244224093
3373.8819753483126
2583.128387376052
2040.9903307662635
1653.2021679206734
1148.0570610560233
843.4704938370782
645.782096844013
510.24758269156587
413.30054198016836
264.51234686730766
183.6891297689637
134.95527901393245
103.32513549504209
66.12808671682691
45.92228244224093
33.738819753483114
25.831283873760523
20.409903307662635
16.53202167920673
11.480570610560232
8.434704938370778
6.457820968440131
5.102475826915659
4.133005419801682
2.6451234686730776
1.8368912976896374
1.3495527901393256
1.0332513549504205
0.6612808671682694
0.45922282442240936
0.3373881975348314
0.25831283873760513
0.20409903307662627
0.16532021679206735
0.11480570610560234
0.08434704938370785
0.06457820968440128
0.05102475826915657
0.04133005419801684
0.02645123468673077
0.018368912976896367
0.013495527901393254
0.01033251354950421
0.0066128086716826925
0.004592228244224092
0.0033738819753483134
0.0025831283873760523
0.0020409903307662632
0.0016532021679206731
0.001148057061056023
0.0008434704938370784
0.0006457820968440131
0.0005102475826915658
0.0004133005419801683
0.0002645123468673077
0.00018368912976896368
0.0001349552790139325
0.00010332513549504207
6.612808671682693e-5
4.592228244224092e-5
3.373881975348313e-5
2.5831283873760518e-5
2.0409903307662635e-5
1.6532021679206733e-5
1.148057061056023e-5
8.434704938370782e-6
6.457820968440129e-6
5.102475826915659e-6
4.133005419801683e-6
2.645123468673077e-6
1.8368912976896369e-6
1.349552790139325e-6
1.0332513549504208e-6
6.612808671682692e-7
4.592228244224092e-7
3.3738819753483127e-7
2.583128387376052e-7
2.0409903307662635e-7
1.653202167920673e-7
1.148057061056023e-7
8.434704938370782e-8
6.45782096844013e-8
5.102475826915659e-8
32571.86820804148
20845.99565314655
14476.385870240661
10635.712067931912
8142.96705201037
5211.498913286638
3619.0964675601654
2658.928016982978
2035.7417630025925
1608.487318915629
1302.8747283216594
904.7741168900413
664.7320042457445
508.9354407506481
402.12182972890724
325.71868208041485
208.45995653146545
144.7638587024066
106.35712067931908
81.42967052010371
52.11498913286636
36.19096467560165
26.58928016982977
20.357417630025928
16.084873189156287
13.02874728321659
9.047741168900412
6.647320042457443
5.089354407506482
4.021218297289072
3.2571868208041477
2.084599565314655
1.4476385870240662
1.0635712067931915
0.8142967052010369
0.5211498913286637
0.36190964675601656
0.2658928016982979
0.20357417630025923
0.16084873189156282
0.13028747283216593
0.09047741168900414
0.06647320042457447
0.05089354407506481
0.040212182972890705
0.032571868208041484
0.020845995653146546
0.014476385870240655
0.010635712067931914
0.008142967052010371
0.005211498913286637
0.003619096467560164
0.0026589280169829785
0.0020357417630025927
0.0016084873189156285
0.0013028747283216591
0.000904774116890041
0.0006647320042457446
0.0005089354407506482
0.00040212182972890713
0.0003257186820804148
0.00020845995653146548
0.00014476385870240658
0.00010635712067931912
8.14296705201037e-5
5.211498913286637e-5
3.6190964675601645e-5
2.658928016982978e-5
2.0357417630025924e-5
1.608487318915629e-5
1.3028747283216592e-5
9.047741168900411e-6
6.647320042457445e-6
5.089354407506481e-6
4.021218297289072e-6
3.257186820804148e-6
2.0845995653146545e-6
1.447638587024066e-6
1.0635712067931911e-6
8.14296705201037e-7
5.211498913286636e-7
3.619096467560165e-7
2.658928016982978e-7
2.0357417630025925e-7
1.608487318915629e-7
1.302874728321659e-7
9.047741168900412e-8
6.647320042457444e-8
5.0893544075064813e-8
4.021218297289072e-8
26203.613993609917
16770.312955910347
11646.050663826632
8556.28212036242
6550.903498402479
4192.578238977587
2911.512665956658
2139.070530090605
1637.7258746006198
1294.0056293140701
1048.1445597443967
727.8781664891645
534.7676325226513
409.43146865015495
323.50140732851753
262.0361399360992
167.70312955910344
116.46050663826631
85.56282120362418
65.5090349840248
41.92578238977586
29.115126659566577
21.390705300906045
16.3772587460062
12.940056293140701
10.481445597443965
7.278781664891644
5.347676325226511
4.09431468650155
3.2350140732851753
2.6203613993609913
1.6770312955910347
1.1646050663826633
0.8556282120362424
0.6550903498402478
0.4192578238977587
0.2911512665956658
0.2139070530090606
0.16377258746006196
0.12940056293140695
0.10481445597443967
0.07278781664891645
0.05347676325226515
0.04094314686501549
0.03235014073285174
0.026203613993609917
0.016770312955910346
0.011646050663826627
0.008556282120362423
0.006550903498402479
0.004192578238977587
0.002911512665956657
0.002139070530090606
0.0016377258746006198
0.0012940056293140698
0.0010481445597443967
0.0007278781664891642
0.0005347676325226515
0.00040943146865015496
0.00032350140732851745
0.00026203613993609916
0.00016770312955910347
0.00011646050663826629
8.556282120362422e-5
6.550903498402479e-5
4.192578238977587e-5
2.911512665956657e-5
2.1390705300906054e-5
1.6377258746006198e-5
1.2940056293140701e-5
1.0481445597443967e-5
7.278781664891643e-6
5.347676325226514e-6
4.094314686501549e-6
3.2350140732851753e-6
2.6203613993609917e-6
1.6770312955910345e-6
1.164605066382663e-6
8.556282120362422e-7
6.550903498402479e-7
4.1925782389775863e-7
2.9115126659566575e-7
2.1390705300906054e-7
1.6377258746006198e-7
1.2940056293140702e-7
1.0481445597443966e-7
7.278781664891644e-8
5.3476763252265136e-8
4.0943146865015495e-8
3.2350140732851755e-8
21473.250776561777
13742.88049699954
9543.667011805237
7011.673722958948
5368.312694140444
3435.720124249885
2385.9167529513093
1752.918430739737
1342.078173535111
1060.4074457561373
858.9300310624712
596.4791882378273
438.22960768493425
335.5195433837778
265.10186143903434
214.7325077656178
137.42880496999535
95.43667011805236
70.11673722958946
53.68312694140445
34.35720124249884
23.85916752951309
17.529184307397365
13.420781735351113
10.604074457561373
8.58930031062471
5.964791882378273
4.382296076849341
3.3551954338377783
2.651018614390343
2.1473250776561774
1.3742880496999539
0.9543667011805237
0.701167372295895
0.5368312694140444
0.34357201242498847
0.23859167529513092
0.17529184307397375
0.1342078173535111
0.10604074457561369
0.08589300310624712
0.05964791882378273
0.04382296076849344
0.03355195433837777
0.026510186143903422
0.02147325077656178
0.013742880496999538
0.009543667011805233
0.007011673722958949
0.005368312694140445
0.0034357201242498844
0.002385916752951308
0.0017529184307397373
0.0013420781735351112
0.001060407445756137
0.0008589300310624711
0.000596479188237827
0.0004382296076849343
0.0003355195433837778
0.00026510186143903426
0.00021473250776561778
0.00013742880496999538
9.543667011805234e-5
7.011673722958947e-5
5.3683126941404444e-5
3.4357201242498844e-5
2.3859167529513086e-5
1.752918430739737e-5
1.3420781735351111e-5
1.0604074457561373e-5
8.589300310624711e-6
5.964791882378271e-6
4.382296076849342e-6
3.3551954338377778e-6
2.6510186143903434e-6
2.1473250776561778e-6
1.3742880496999536e-6
9.543667011805234e-7
7.011673722958947e-7
5.368312694140444e-7
3.435720124249884e-7
2.3859167529513085e-7
1.7529184307397368e-7
1.342078173535111e-7
1.0604074457561373e-7
8.58930031062471e-8
5.964791882378271e-8
4.382296076849342e-8
3.355195433837778e-8
2.6510186143903433e-8
17893.329999999998
11451.7312
7952.591111111112
5842.719999999999
4473.3324999999995
2862.9328
1988.147777777778
1460.6799999999998
1118.3331249999999
883.6212345679012
715.7332
497.0369444444445
365.16999999999996
279.58328124999997
220.9053086419753
178.9333
114.51731199999996
79.52591111111111
58.42719999999997
44.733325
28.62932799999999
19.88147777777778
14.606799999999993
11.18333125
8.836212345679012
7.157331999999998
4.970369444444445
3.651699999999998
2.7958328125
2.209053086419753
1.7893329999999994
1.14517312
0.7952591111111111
0.5842720000000001
0.44733324999999985
0.28629328
0.19881477777777778
0.14606800000000003
0.11183331249999996
0.08836212345679009
0.07157332
0.049703694444444446
0.03651700000000001
0.02795832812499999
0.022090530864197523
0.01789333
0.011451731199999999
0.007952591111111108
0.005842720000000001
0.0044733325
0.0028629327999999997
0.001988147777777777
0.0014606800000000002
0.001118333125
0.000883621234567901
0.0007157331999999999
0.0004970369444444443
0.00036517000000000006
0.00027958328125
0.00022090530864197526
0.00017893329999999998
0.00011451731199999999
7.95259111111111e-5
5.842719999999999e-5
4.4733324999999996e-5
2.8629327999999997e-5
1.9881477777777775e-5
1.4606799999999997e-5
1.1183331249999999e-5
8.836212345679013e-6
7.157331999999999e-6
4.970369444444444e-6
3.6516999999999993e-6
2.7958328124999997e-6
2.209053086419753e-6
1.7893329999999998e-6
1.1451731199999998e-6
7.95259111111111e-7
5.842719999999999e-7
4.4733324999999995e-7
2.8629327999999994e-7
1.9881477777777774e-7
1.4606799999999998e-7
1.1183331249999999e-7
8.836212345679013e-8
7.157331999999998e-8
4.9703694444444436e-8
3.6516999999999995e-8
2.7958328124999997e-8
2.2090530864197532e-8
15139.364417242967
9689.1932270355
6728.606407663543
4943.465932160969
3784.8411043107417
2422.298306758875
1682.1516019158857
1235.8664830402422
946.2102760776854
747.622934184838
605.5745766897187
420.53790047897144
308.96662076006055
236.55256901942136
186.9057335462095
151.39364417242967
96.89193227035497
67.28606407663541
49.43465932160967
37.84841104310742
24.222983067588743
16.821516019158853
12.358664830402418
9.462102760776855
7.47622934184838
6.055745766897186
4.205379004789713
3.0896662076006045
2.3655256901942137
1.869057335462095
1.5139364417242964
0.96891932270355
0.6728606407663542
0.49434659321609703
0.3784841104310741
0.2422298306758875
0.16821516019158855
0.12358664830402426
0.09462102760776853
0.07476229341848377
0.06055745766897187
0.04205379004789714
0.030896662076006064
0.02365525690194213
0.018690573354620942
0.015139364417242968
0.009689193227035498
0.00672860640766354
0.00494346593216097
0.003784841104310742
0.0024222983067588746
0.001682151601915885
0.0012358664830402425
0.0009462102760776855
0.0007476229341848379
0.0006055745766897187
0.00042053790047897124
0.00030896662076006063
0.00023655256901942138
0.00018690573354620947
0.00015139364417242966
9.6891932270355e-5
6.72860640766354e-5
4.9434659321609686e-5
3.7848411043107416e-5
2.422298306758875e-5
1.682151601915885e-5
1.2358664830402422e-5
9.462102760776854e-6
7.47622934184838e-6
6.055745766897187e-6
4.205379004789713e-6
3.0896662076006054e-6
2.3655256901942135e-6
1.869057335462095e-6
1.5139364417242968e-6
9.689193227035497e-7
6.728606407663541e-7
4.943465932160969e-7
3.784841104310742e-7
2.4222983067588744e-7
1.6821516019158853e-7
1.235866483040242e-7
9.462102760776855e-8
7.47622934184838e-8
6.055745766897186e-8
4.205379004789713e-8
3.089666207600605e-8
2.3655256901942137e-8
1.869057335462095e-8
12990.184337877485
8313.71797624159
5773.415261278884
4241.69284502122
3247.546084469371
2078.4294940603977
1443.353815319721
1060.423211255305
811.8865211173428
641.4905845865426
519.6073735150994
360.83845382993024
265.10580281382624
202.9716302793357
160.37264614663565
129.90184337877486
83.1371797624159
57.73415261278883
42.41692845021218
32.475460844693714
20.784294940603974
14.433538153197208
10.604232112553046
8.118865211173429
6.414905845865426
5.196073735150994
3.608384538299302
2.6510580281382614
2.029716302793357
1.6037264614663564
1.2990184337877484
0.8313717976241591
0.5773415261278884
0.4241692845021221
0.3247546084469371
0.20784294940603978
0.1443353815319721
0.10604232112553053
0.08118865211173427
0.06414905845865423
0.051960737351509946
0.03608384538299302
0.02651058028138263
0.02029716302793357
0.01603726461466356
0.012990184337877487
0.008313717976241591
0.005773415261278881
0.0042416928450212206
0.0032475460844693716
0.0020784294940603978
0.0014433538153197202
0.0010604232112553051
0.0008118865211173429
0.0006414905845865425
0.0005196073735150994
0.00036083845382993006
0.0002651058028138263
0.00020297163027933573
0.00016037264614663562
0.00012990184337877486
8.31371797624159e-5
5.773415261278882e-5
4.2416928450212195e-5
3.2475460844693715e-5
2.0784294940603976e-5
1.4433538153197205e-5
1.0604232112553049e-5
8.118865211173429e-6
6.4149058458654255e-6
5.196073735150994e-6
3.6083845382993013e-6
2.651058028138262e-6
2.029716302793357e-6
1.6037264614663564e-6
1.2990184337877485e-6
8.31371797624159e-7
5.773415261278882e-7
4.2416928450212194e-7
3.247546084469371e-7
2.0784294940603974e-7
1.4433538153197206e-7
1.0604232112553049e-7
8.118865211173428e-8
6.414905845865426e-8
5.1960737351509935e-8
3.6083845382993015e-8
2.651058028138262e-8
2.029716302793357e-8
1.6037264614663565e-8
11291.83599604657
7226.775037469805
5018.593776020699
3687.1301211580635
2822.9589990116424
1806.6937593674513
1254.6484440051747
921.7825302895159
705.7397497529106
557.6215306689664
451.67343984186283
313.6621110012937
230.44563257237897
176.43493743822765
139.4053826672416
112.91835996046571
72.26775037469804
50.18593776020698
36.87130121158062
28.229589990116427
18.06693759367451
12.546484440051746
9.217825302895156
7.057397497529107
5.576215306689665
4.5167343984186274
3.1366211100129364
2.304456325723789
1.7643493743822767
1.3940538266724163
1.1291835996046569
0.7226775037469805
0.5018593776020699
0.3687130121158065
0.2822958999011642
0.18066937593674512
0.12546484440051747
0.09217825302895162
0.07057397497529105
0.05576215306689663
0.04516734398418628
0.03136621110012937
0.023044563257237905
0.017643493743822763
0.013940538266724157
0.01129183599604657
0.0072267750374698046
0.0050185937760206965
0.0036871301211580643
0.0028229589990116425
0.0018066937593674511
0.0012546484440051741
0.0009217825302895161
0.0007057397497529106
0.0005576215306689663
0.0004516734398418628
0.00031366211100129353
0.00023044563257237902
0.00017643493743822766
0.0001394053826672416
0.0001129183599604657
7.226775037469805e-5
5.018593776020697e-5
3.6871301211580634e-5
2.8229589990116424e-5
1.8066937593674513e-5
1.2546484440051743e-5
9.217825302895159e-6
7.057397497529106e-6
5.576215306689665e-6
4.516734398418628e-6
3.1366211100129358e-6
2.3044563257237896e-6
1.7643493743822765e-6
1.3940538266724162e-6
1.129183599604657e-6
7.226775037469804e-7
5.018593776020698e-7
3.6871301211580634e-7
2.8229589990116426e-7
1.806693759367451e-7
1.2546484440051745e-7
9.217825302895158e-8
7.057397497529107e-8
5.576215306689665e-8
4.516734398418627e-8
3.136621110012936e-8
2.3044563257237896e-8
1.7643493743822766e-8
1.3940538266724162e-8
9935.119667490662
6358.476587194024
4415.608741106962
3244.120707752053
2483.7799168726656
1589.619146798506
1103.9021852767405
811.0301769380133
620.9449792181664
490.6231934563291
397.4047866996265
275.9755463191851
202.7575442345033
155.2362448045416
122.65579836408227
99.35119667490663
63.58476587194023
44.15608741106962
32.44120707752052
24.837799168726658
15.896191467985057
11.039021852767405
8.11030176938013
6.2094497921816645
4.906231934563291
3.9740478669962642
2.7597554631918513
2.0275754423450323
1.5523624480454161
1.2265579836408227
0.9935119667490661
0.6358476587194024
0.4415608741106962
0.3244120707752054
0.24837799168726651
0.1589619146798506
0.11039021852767406
0.08110301769380135
0.06209449792181663
0.04906231934563289
0.03974047866996265
0.027597554631918514
0.020275754423450337
0.015523624480454157
0.012265579836408223
0.009935119667490663
0.0063584765871940235
0.00441560874110696
0.0032441207077520537
0.0024837799168726657
0.0015896191467985059
0.00110390218527674
0.0008110301769380134
0.0006209449792181664
0.000490623193456329
0.00039740478669962647
0.000275975546319185
0.00020275754423450335
0.0001552362448045416
0.00012265579836408225
9.935119667490662e-5
6.358476587194024e-5
4.415608741106961e-5
3.2441207077520526e-5
2.4837799168726654e-5
1.589619146798506e-5
1.1039021852767402e-5
8.110301769380131e-6
6.2094497921816636e-6
4.906231934563291e-6
3.974047866996265e-6
2.7597554631918506e-6
2.027575442345033e-6
1.5523624480454159e-6
1.2265579836408228e-6
9.935119667490663e-7
6.358476587194023e-7
4.4156087411069613e-7
3.244120707752053e-7
2.4837799168726657e-7
1.5896191467985058e-7
1.1039021852767403e-7
8.110301769380133e-8
6.209449792181664e-8
4.9062319345632905e-8
3.9740478669962646e-8
2.7597554631918508e-8
2.0275754423450332e-8
1.552362448045416e-8
1.2265579836408226e-8
8841.26510188532
5658.409665206605
3929.4511563934757
2886.943706738063
2210.31627547133
1414.6024163016511
982.3627890983689
721.7359266845158
552.5790688678325
436.60568404371946
353.6506040754128
245.59069727459223
180.43398167112895
138.14476721695812
109.15142101092987
88.4126510188532
56.58409665206603
39.294511563934755
28.86943706738062
22.1031627547133
14.146024163016508
9.823627890983689
7.217359266845155
5.525790688678325
4.366056840437195
3.536506040754127
2.455906972745922
1.8043398167112887
1.3814476721695812
1.0915142101092987
0.8841265101885317
0.5658409665206604
0.3929451156393476
0.28869437067380643
0.22103162754713293
0.1414602416301651
0.0982362789098369
0.07217359266845161
0.05525790688678323
0.04366056840437193
0.035365060407541275
0.024559069727459224
0.018043398167112902
0.013814476721695808
0.010915142101092982
0.008841265101885319
0.005658409665206604
0.003929451156393474
0.002886943706738064
0.0022103162754713297
0.001414602416301651
0.0009823627890983685
0.000721735926684516
0.0005525790688678324
0.0004366056840437194
0.00035365060407541274
0.00024559069727459214
0.000180433981671129
0.0001381447672169581
0.00010915142101092985
8.841265101885319e-5
5.658409665206604e-5
3.929451156393475e-5
2.886943706738063e-5
2.2103162754713296e-5
1.414602416301651e-5
9.823627890983687e-6
7.217359266845158e-6
5.525790688678324e-6
4.366056840437195e-6
3.5365060407541277e-6
2.4559069727459217e-6
1.8043398167112894e-6
1.381447672169581e-6
1.0915142101092987e-6
8.841265101885319e-7
5.658409665206604e-7
3.929451156393475e-7
2.886943706738063e-7
2.2103162754713298e-7
1.414602416301651e-7
9.823627890983688e-8
7.217359266845157e-8
5.5257906886783245e-8
4.3660568404371945e-8
3.536506040754127e-8
2.455906972745922e-8
1.8043398167112893e-8
1.3814476721695811e-8
1.0915142101092986e-8
7952.591111111114
5089.658311111113
3534.4849382716066
2596.764444444445
1988.1477777777784
1272.4145777777783
883.6212345679016
649.1911111111112
497.0369444444446
392.7205486968451
318.10364444444457
220.9053086419754
162.2977777777778
124.25923611111115
98.18013717421128
79.52591111111114
50.89658311111112
35.34484938271606
25.967644444444442
19.881477777777786
12.72414577777778
8.836212345679016
6.4919111111111105
4.970369444444446
3.9272054869684516
3.181036444444445
2.209053086419754
1.6229777777777776
1.2425923611111116
0.9818013717421129
0.7952591111111112
0.5089658311111113
0.35344849382716065
0.2596764444444446
0.1988147777777778
0.12724145777777782
0.08836212345679016
0.06491911111111115
0.04970369444444445
0.0392720548696845
0.031810364444444454
0.02209053086419754
0.016229777777777787
0.012425923611111113
0.009818013717421125
0.007952591111111114
0.005089658311111112
0.003534484938271605
0.0025967644444444458
0.0019881477777777784
0.001272414577777778
0.0008836212345679013
0.0006491911111111114
0.0004970369444444446
0.00039272054869684506
0.0003181036444444445
0.0002209053086419753
0.00016229777777777786
0.00012425923611111115
9.818013717421127e-5
7.952591111111113e-5
5.089658311111113e-5
3.534484938271606e-5
2.596764444444445e-5
1.988147777777778e-5
1.2724145777777782e-5
8.836212345679014e-6
6.491911111111113e-6
4.970369444444445e-6
3.927205486968452e-6
3.1810364444444456e-6
2.2090530864197536e-6
1.6229777777777782e-6
1.2425923611111113e-6
9.81801371742113e-7
7.952591111111114e-7
5.089658311111112e-7
3.534484938271606e-7
2.596764444444445e-7
1.9881477777777785e-7
1.272414577777778e-7
8.836212345679015e-8
6.491911111111113e-8
4.970369444444446e-8
3.9272054869684514e-8
3.181036444444445e-8
2.209053086419754e-8
1.6229777777777782e-8
1.2425923611111116e-8
9.818013717421128e-9
7226.291630874447
4624.826643759647
3211.6851692775326
2359.605430489615
1806.5729077186118
1156.2066609399117
802.9212923193832
589.9013576224038
451.64322692965294
356.8539076975036
289.0516652349779
200.7303230798458
147.47533940560095
112.91080673241323
89.2134769243759
72.26291630874448
46.248266437596456
32.11685169277533
23.596054304896146
18.06572907718612
11.562066609399114
8.029212923193832
5.8990135762240365
4.51643226929653
3.568539076975036
2.8905166523497785
2.007303230798458
1.4747533940560091
1.1291080673241325
0.892134769243759
0.7226291630874446
0.46248266437596464
0.3211685169277533
0.2359605430489616
0.18065729077186116
0.11562066609399116
0.08029212923193832
0.0589901357622404
0.04516432269296529
0.035685390769750344
0.02890516652349779
0.02007303230798458
0.0147475339405601
0.011291080673241322
0.008921347692437586
0.0072262916308744474
0.004624826643759646
0.0032116851692775314
0.002359605430489616
0.0018065729077186119
0.0011562066609399114
0.0008029212923193828
0.000589901357622404
0.00045164322692965296
0.00035685390769750355
0.00028905166523497786
0.0002007303230798457
0.000147475339405601
0.00011291080673241324
8.921347692437589e-5
7.226291630874446e-5
4.624826643759646e-5
3.2116851692775315e-5
2.3596054304896154e-5
1.8065729077186116e-5
1.1562066609399115e-5
8.029212923193829e-6
5.899013576224038e-6
4.516432269296529e-6
3.5685390769750362e-6
2.890516652349779e-6
2.007303230798457e-6
1.4747533940560096e-6
1.1291080673241323e-6
8.921347692437591e-7
7.226291630874447e-7
4.6248266437596455e-7
3.211685169277532e-7
2.3596054304896154e-7
1.8065729077186118e-7
1.1562066609399114e-7
8.02921292319383e-8
5.8990135762240384e-8
4.5164322692965294e-8
3.568539076975036e-8
2.8905166523497784e-8
2.0073032307984575e-8
1.4747533940560096e-8
1.1291080673241324e-8
8.92134769243759e-9
6630.226032150747
4243.344660576478
2946.7671254003326
2164.971765600244
1657.5565080376869
1060.8361651441196
736.6917813500831
541.242941400061
414.3891270094217
327.4185694889258
265.2090412860299
184.1729453375208
135.31073535001525
103.59728175235543
81.85464237223145
66.30226032150748
42.43344660576477
29.467671254003324
21.649717656002434
16.57556508037687
10.608361651441193
7.366917813500831
5.412429414000608
4.143891270094217
3.2741856948892583
2.6520904128602982
1.8417294533752078
1.353107353500152
1.0359728175235543
0.8185464237223146
0.6630226032150746
0.42433446605764785
0.29467671254003325
0.21649717656002446
0.16575565080376864
0.10608361651441196
0.07366917813500831
0.054124294140006114
0.04143891270094216
0.03274185694889257
0.02652090412860299
0.018417294533752078
0.013531073535001529
0.01035972817523554
0.008185464237223142
0.006630226032150748
0.004243344660576478
0.0029467671254003315
0.0021649717656002446
0.001657556508037687
0.0010608361651441194
0.0007366917813500829
0.0005412429414000611
0.00041438912700942173
0.00032741856948892574
0.00026520904128602985
0.00018417294533752072
0.00013531073535001529
0.00010359728175235543
8.185464237223144e-5
6.630226032150746e-5
4.2433446605764786e-5
2.9467671254003317e-5
2.1649717656002437e-5
1.6575565080376866e-5
1.0608361651441196e-5
7.366917813500829e-6
5.412429414000609e-6
4.1438912700942165e-6
3.2741856948892583e-6
2.652090412860299e-6
1.8417294533752073e-6
1.3531073535001523e-6
1.0359728175235541e-6
8.185464237223146e-7
6.630226032150748e-7
4.243344660576478e-7
2.946767125400332e-7
2.164971765600244e-7
1.657556508037687e-7
1.0608361651441195e-7
7.36691781350083e-8
5.41242941400061e-8
4.1438912700942174e-8
3.274185694889258e-8
2.6520904128602986e-8
1.8417294533752074e-8
1.3531073535001525e-8
1.0359728175235543e-8
8.185464237223145e-9
6140.020151930509
3929.6128972355264
2728.8978453024492
2004.9045394058805
1535.0050379826273
982.4032243088816
682.2244613256123
501.22613485147014
383.7512594956568
303.2108717002721
245.6008060772204
170.55611533140308
125.30653371286753
95.9378148739142
75.80271792506802
61.4002015193051
39.296128972355255
27.288978453024487
20.049045394058798
15.350050379826275
9.824032243088814
6.822244613256122
5.012261348514699
3.8375125949565687
3.0321087170027208
2.4560080607722035
1.7055611533140305
1.2530653371286748
0.9593781487391422
0.7580271792506802
0.6140020151930509
0.3929612897235526
0.2728897845302449
0.20049045394058812
0.15350050379826272
0.09824032243088815
0.06822244613256123
0.05012261348514703
0.03837512594956568
0.030321087170027197
0.024560080607722037
0.017055611533140308
0.012530653371286758
0.00959378148739142
0.007580271792506799
0.006140020151930509
0.003929612897235526
0.002728897845302448
0.002004904539405881
0.0015350050379826273
0.0009824032243088815
0.000682224461325612
0.0005012261348514703
0.00038375125949565683
0.000303210871700272
0.0002456008060772204
0.000170556115331403
0.00012530653371286757
9.593781487391421e-5
7.5802717925068e-5
6.14002015193051e-5
3.929612897235526e-5
2.7288978453024485e-5
2.0049045394058806e-5
1.5350050379826274e-5
9.824032243088815e-6
6.822244613256121e-6
5.0122613485147015e-6
3.8375125949565685e-6
3.032108717002721e-6
2.456008060772204e-6
1.7055611533140303e-6
1.2530653371286754e-6
9.593781487391421e-7
7.580271792506803e-7
6.14002015193051e-7
3.9296128972355255e-7
2.7288978453024486e-7
2.0049045394058805e-7
1.5350050379826274e-7
9.824032243088814e-8
6.822244613256122e-8
5.012261348514701e-8
3.8375125949565685e-8
3.032108717002721e-8
2.4560080607722034e-8
1.7055611533140304e-8
1.2530653371286753e-8
9.593781487391421e-9
7.580271792506802e-9
5737.040482699025
3671.7059089273766
2549.7957700884563
1873.3193412894775
1434.2601206747563
917.9264772318442
637.4489425221141
468.3298353223694
358.5650301686891
283.3106411209396
229.48161930796104
159.36223563052852
117.08245883059234
89.64125754217227
70.8276602802349
57.37040482699026
36.717059089273754
25.49795770088456
18.73319341289477
14.342601206747565
9.179264772318438
6.37448942522114
4.683298353223693
3.5856503016868913
2.8331064112093953
2.2948161930796096
1.593622356305285
1.1708245883059232
0.8964125754217228
0.7082766028023488
0.5737040482699024
0.3671705908927376
0.2549795770088456
0.18733193412894783
0.1434260120674756
0.0917926477231844
0.0637448942522114
0.04683298353223696
0.0358565030168689
0.028331064112093945
0.0229481619307961
0.01593622356305285
0.01170824588305924
0.008964125754217225
0.007082766028023486
0.005737040482699025
0.003671705908927376
0.0025497957700884553
0.001873319341289478
0.0014342601206747563
0.000917926477231844
0.0006374489425221138
0.0004683298353223695
0.0003585650301686891
0.0002833106411209395
0.000229481619307961
0.00015936223563052846
0.00011708245883059238
8.964125754217227e-5
7.082766028023487e-5
5.737040482699025e-5
3.6717059089273765e-5
2.5497957700884556e-5
1.8733193412894775e-5
1.4342601206747563e-5
9.179264772318441e-6
6.374489425221139e-6
4.683298353223694e-6
3.5856503016868906e-6
2.8331064112093955e-6
2.2948161930796103e-6
1.5936223563052847e-6
1.1708245883059234e-6
8.964125754217227e-7
7.082766028023489e-7
5.737040482699026e-7
3.6717059089273757e-7
2.549795770088456e-7
1.8733193412894777e-7
1.4342601206747564e-7
9.179264772318439e-8
6.37448942522114e-8
4.683298353223694e-8
3.585650301686891e-8
2.8331064112093956e-8
2.2948161930796098e-8
1.593622356305285e-8
1.1708245883059235e-8
8.964125754217228e-9
7.082766028023489e-9
5406.960213985217
3460.454536950539
2403.0934284378745
1765.5380290563974
1351.7400534963042
865.1136342376348
600.7733571094686
441.38450726409934
337.93501337407605
267.0103809375416
216.2784085594087
150.19333927736716
110.34612681602484
84.48375334351901
66.7525952343854
54.06960213985217
34.60454536950538
24.030934284378745
17.65538029056397
13.517400534963043
8.651136342376345
6.007733571094686
4.413845072640992
3.3793501337407608
2.670103809375416
2.1627840855940863
1.5019333927736715
1.103461268160248
0.8448375334351902
0.667525952343854
0.5406960213985216
0.3460454536950539
0.24030934284378747
0.1765538029056398
0.1351740053496304
0.08651136342376348
0.060077335710946866
0.04413845072640995
0.0337935013374076
0.02670103809375415
0.02162784085594087
0.015019333927736717
0.011034612681602487
0.0084483753343519
0.0066752595234385375
0.005406960213985217
0.0034604545369505387
0.0024030934284378735
0.0017655380290563978
0.0013517400534963043
0.0008651136342376347
0.0006007733571094684
0.00044138450726409945
0.0003379350133740761
0.0002670103809375416
0.00021627840855940867
0.0001501933392773671
0.00011034612681602486
8.448375334351902e-5
6.67525952343854e-5
5.406960213985217e-5
3.460454536950539e-5
2.403093428437874e-5
1.7655380290563972e-5
1.3517400534963042e-5
8.651136342376348e-6
6.007733571094685e-6
4.413845072640993e-6
3.3793501337407604e-6
2.6701038093754162e-6
2.162784085594087e-6
1.5019333927736712e-6
1.1034612681602483e-6
8.448375334351901e-7
6.675259523438541e-7
5.406960213985217e-7
3.460454536950538e-7
2.4030934284378744e-7
1.7655380290563974e-7
1.3517400534963043e-7
8.651136342376346e-8
6.007733571094686e-8
4.4138450726409936e-8
3.379350133740761e-8
2.670103809375416e-8
2.1627840855940864e-8
1.5019333927736715e-8
1.1034612681602484e-8
8.448375334351902e-9
6.67525952343854e-9
5138.733174457294
3288.7892316526686
2283.881410869909
1677.9536896187083
1284.6832936143235
822.1973079131672
570.9703527174772
419.48842240467707
321.17082340358087
253.76460120776764
205.5493269782918
142.7425881793693
104.87210560116927
80.29270585089522
63.44115030194191
51.38733174457295
32.887892316526674
22.838814108699086
16.77953689618708
12.846832936143237
8.221973079131669
5.709703527174772
4.19488422404677
3.211708234035809
2.5376460120776763
2.055493269782917
1.427425881793693
1.0487210560116924
0.8029270585089523
0.6344115030194191
0.5138733174457293
0.32887892316526685
0.2283881410869909
0.1677953689618709
0.12846832936143232
0.08221973079131671
0.057097035271747726
0.04194884224046772
0.03211708234035808
0.025376460120776753
0.020554932697829178
0.014274258817936931
0.01048721056011693
0.00802927058508952
0.006344115030194188
0.0051387331744572945
0.0032887892316526683
0.002283881410869908
0.0016779536896187085
0.0012846832936143236
0.0008221973079131671
0.000570970352717477
0.00041948842240467713
0.0003211708234035809
0.0002537646012077676
0.00020554932697829177
0.00014274258817936926
0.00010487210560116928
8.029270585089523e-5
6.34411503019419e-5
5.138733174457294e-5
3.2887892316526684e-5
2.2838814108699085e-5
1.677953689618708e-5
1.2846832936143235e-5
8.221973079131671e-6
5.709703527174771e-6
4.19488422404677e-6
3.211708234035809e-6
2.5376460120776764e-6
2.0554932697829177e-6
1.4274258817936928e-6
1.0487210560116926e-6
8.029270585089522e-7
6.344115030194191e-7
5.138733174457294e-7
3.288789231652668e-7
2.2838814108699084e-7
1.6779536896187083e-7
1.2846832936143236e-7
8.22197307913167e-8
5.709703527174771e-8
4.194884224046771e-8
3.211708234035809e-8
2.5376460120776763e-8
2.0554932697829175e-8
1.4274258817936928e-8
1.0487210560116927e-8
8.029270585089522e-9
6.344115030194191e-9
4923.853555197663
3151.2662753265045
2188.3793578656287
1607.7889159829103
1230.9633887994157
787.8165688316261
547.0948394664072
401.9472289957276
307.74084719985393
243.1532619850698
196.95414220790653
136.7737098666018
100.4868072489319
76.93521179996348
60.78831549626745
49.23853555197663
31.512662753265037
21.883793578656284
16.0778891598291
12.309633887994158
7.878165688316259
5.470948394664071
4.019472289957275
3.0774084719985395
2.431532619850698
1.9695414220790648
1.3677370986660178
1.0048680724893186
0.7693521179996349
0.6078831549626745
0.4923853555197662
0.31512662753265047
0.21883793578656285
0.1607788915982911
0.12309633887994155
0.07878165688316262
0.05470948394664071
0.04019472289957277
0.030774084719985387
0.024315326198506973
0.019695414220790654
0.013677370986660178
0.010048680724893193
0.007693521179996347
0.006078831549626743
0.004923853555197664
0.0031512662753265044
0.0021883793578656276
0.0016077889159829108
0.001230963388799416
0.0007878165688316261
0.0005470948394664069
0.0004019472289957277
0.000307740847199854
0.00024315326198506975
0.00019695414220790653
0.00013677370986660173
0.00010048680724893193
7.69352117999635e-5
6.078831549626744e-5
4.923853555197663e-5
3.151266275326505e-5
2.188379357865628e-5
1.6077889159829104e-5
1.2309633887994158e-5
7.878165688316262e-6
5.47094839466407e-6
4.019472289957276e-6
3.0774084719985395e-6
2.4315326198506983e-6
1.9695414220790655e-6
1.3677370986660175e-6
1.004868072489319e-6
7.693521179996349e-7
6.078831549626746e-7
4.923853555197664e-7
3.151266275326504e-7
2.188379357865628e-7
1.6077889159829104e-7
1.230963388799416e-7
7.87816568831626e-8
5.47094839466407e-8
4.019472289957276e-8
3.07740847199854e-8
2.431532619850698e-8
1.969541422079065e-8
1.3677370986660176e-8
1.004868072489319e-8
7.69352117999635e-9
6.078831549626745e-9
4755.8192926579195
3043.7243473010685
2113.69746340352
1552.9205853576877
1188.9548231644799
760.9310868252671
528.42436585088
388.23014633942194
297.23870579111997
234.8552737115022
190.23277170631678
132.10609146272
97.05753658485548
74.30967644777999
58.71381842787555
47.558192926579196
30.43724347301068
21.136974634035198
15.529205853576874
11.889548231644799
7.60931086825267
5.2842436585087995
3.8823014633942186
2.9723870579111997
2.348552737115022
1.9023277170631674
1.3210609146271999
0.9705753658485546
0.7430967644777999
0.5871381842787555
0.47558192926579185
0.30437243473010683
0.21136974634035202
0.15529205853576883
0.11889548231644796
0.07609310868252671
0.052842436585088005
0.03882301463394221
0.02972387057911199
0.02348552737115021
0.019023277170631677
0.013210609146272001
0.009705753658485552
0.007430967644777998
0.005871381842787553
0.004755819292657919
0.0030437243473010684
0.002113697463403519
0.0015529205853576883
0.0011889548231644798
0.0007609310868252671
0.0005284243658508798
0.00038823014633942207
0.00029723870579111995
0.00023485527371150215
0.00019023277170631677
0.00013210609146271994
9.705753658485552e-5
7.430967644777999e-5
5.871381842787554e-5
4.755819292657919e-5
3.0437243473010684e-5
2.1136974634035196e-5
1.5529205853576877e-5
1.1889548231644798e-5
7.609310868252671e-6
5.284243658508799e-6
3.882301463394219e-6
2.9723870579111996e-6
2.3485527371150222e-6
1.9023277170631677e-6
1.3210609146271998e-6
9.705753658485548e-7
7.430967644777999e-7
5.871381842787556e-7
4.7558192926579193e-7
3.043724347301068e-7
2.1136974634035197e-7
1.5529205853576878e-7
1.1889548231644798e-7
7.60931086825267e-8
5.284243658508799e-8
3.8823014633942196e-8
2.9723870579111996e-8
2.348552737115022e-8
1.9023277170631674e-8
1.3210609146271998e-8
9.705753658485549e-9
7.430967644777999e-9
5.871381842787555e-9
4629.743338677178
2963.035736753394
2057.663706078746
1511.7529269149968
1157.4358346692945
740.7589341883485
514.4159265196865
377.9382317287492
289.35895866732363
228.6293006754162
185.18973354708712
128.60398162992163
94.4845579321873
72.33973966683091
57.15732516885405
46.29743338677178
29.630357367533932
20.57663706078746
15.117529269149964
11.574358346692945
7.407589341883483
5.144159265196865
3.779382317287491
2.893589586673236
2.2862930067541622
1.8518973354708708
1.2860398162992162
0.9448455793218727
0.723397396668309
0.5715732516885406
0.4629743338677177
0.2963035736753394
0.20576637060787462
0.15117529269149974
0.11574358346692942
0.07407589341883485
0.051441592651968654
0.037793823172874934
0.028935895866732356
0.02286293006754161
0.01851897335470871
0.012860398162992163
0.009448455793218733
0.007233973966683089
0.005715732516885403
0.004629743338677178
0.0029630357367533937
0.0020576637060787453
0.0015117529269149971
0.0011574358346692945
0.0007407589341883484
0.0005144159265196863
0.0003779382317287493
0.0002893589586673236
0.00022862930067541617
0.0001851897335470871
0.00012860398162992158
9.448455793218732e-5
7.23397396668309e-5
5.7157325168854044e-5
4.6297433386771776e-5
2.963035736753394e-5
2.0576637060787455e-5
1.5117529269149967e-5
1.1574358346692944e-5
7.407589341883485e-6
5.144159265196864e-6
3.7793823172874918e-6
2.893589586673236e-6
2.286293006754162e-6
1.8518973354708713e-6
1.286039816299216e-6
9.448455793218729e-7
7.23397396668309e-7
5.715732516885405e-7
4.6297433386771783e-7
2.9630357367533933e-7
2.0576637060787458e-7
1.5117529269149967e-7
1.1574358346692946e-7
7.407589341883483e-8
5.1441592651968645e-8
3.779382317287492e-8
2.8935895866732364e-8
2.286293006754162e-8
1.8518973354708708e-8
1.2860398162992161e-8
9.44845579321873e-9
7.233973966683091e-9
5.715732516885405e-9
4542.074738592738
2906.9278326993526
2018.6998838189952
1483.1264452547716
1135.5186846481845
726.7319581748382
504.6749709547488
370.7816113136929
283.8796711620461
224.29998709099945
181.68298954370954
126.1687427386872
92.69540282842323
70.96991779051153
56.07499677274986
45.420747385927385
29.06927832699352
20.18699883818995
14.831264452547712
11.355186846481846
7.26731958174838
5.046749709547488
3.707816113136928
2.8387967116204615
2.2429998709099945
1.816829895437095
1.261687427386872
0.926954028284232
0.7096991779051154
0.5607499677274986
0.45420747385927374
0.29069278326993525
0.2018699883818995
0.1483126445254772
0.11355186846481843
0.07267319581748381
0.05046749709547488
0.0370781611313693
0.02838796711620461
0.022429998709099935
0.018168298954370953
0.01261687427386872
0.009269540282842326
0.007096991779051152
0.005607499677274984
0.004542074738592738
0.0029069278326993523
0.0020186998838189942
0.001483126445254772
0.0011355186846481846
0.0007267319581748381
0.0005046749709547486
0.000370781611313693
0.00028387967116204614
0.0002242999870909994
0.00018168298954370952
0.00012616874273868714
9.269540282842325e-5
7.096991779051154e-5
5.607499677274985e-5
4.542074738592738e-5
2.9069278326993525e-5
2.0186998838189947e-5
1.4831264452547716e-5
1.1355186846481845e-5
7.267319581748381e-6
5.046749709547487e-6
3.707816113136929e-6
2.8387967116204612e-6
2.2429998709099943e-6
1.8168298954370953e-6
1.2616874273868717e-6
9.269540282842323e-7
7.096991779051153e-7
5.607499677274986e-7
4.542074738592738e-7
2.906927832699352e-7
2.0186998838189947e-7
1.4831264452547716e-7
1.1355186846481846e-7
7.26731958174838e-8
5.046749709547487e-8
3.707816113136929e-8
2.8387967116204614e-8
2.2429998709099944e-8
1.816829895437095e-8
1.2616874273868717e-8
9.269540282842322e-9
7.0969917790511535e-9
5.607499677274986e-9
4490.40358571039
2873.85829485465
1995.734926982396
1466.2542320686987
1122.6008964275975
718.4645737136625
498.933731745599
366.56355801717467
280.6502241068994
221.7483252202662
179.61614342841563
124.73343293639975
91.64088950429367
70.16255602672484
55.43708130506655
44.904035857103906
28.73858294854649
19.957349269823958
14.662542320686983
11.226008964275977
7.184645737136623
4.989337317455989
3.6656355801717457
2.806502241068994
2.217483252202662
1.7961614342841556
1.2473343293639974
0.9164088950429364
0.7016255602672485
0.5543708130506655
0.4490403585710389
0.287385829485465
0.1995734926982396
0.14662542320686991
0.11226008964275973
0.07184645737136625
0.0498933731745599
0.03665635580171748
0.028065022410689932
0.02217483252202661
0.01796161434284156
0.012473343293639975
0.00916408895042937
0.007016255602672483
0.005543708130506653
0.00449040358571039
0.0028738582948546493
0.0019957349269823952
0.001466254232068699
0.0011226008964275976
0.0007184645737136623
0.0004989337317455988
0.00036656355801717477
0.0002806502241068994
0.00022174832522026616
0.00017961614342841558
0.0001247334329363997
9.164088950429369e-5
7.016255602672485e-5
5.543708130506654e-5
4.4904035857103896e-5
2.87385829485465e-5
1.9957349269823955e-5
1.4662542320686988e-5
1.1226008964275974e-5
7.184645737136625e-6
4.989337317455989e-6
3.665635580171747e-6
2.8065022410689935e-6
2.217483252202662e-6
1.7961614342841562e-6
1.2473343293639972e-6
9.164088950429367e-7
7.016255602672484e-7
5.543708130506655e-7
4.4904035857103904e-7
2.873858294854649e-7
1.9957349269823956e-7
1.4662542320686988e-7
1.1226008964275976e-7
7.184645737136623e-8
4.989337317455989e-8
3.665635580171747e-8
2.806502241068994e-8
2.2174832522026618e-8
1.7961614342841557e-8
1.2473343293639973e-8
9.164088950429368e-9
7.016255602672485e-9
5.5437081305066546e-9
4473.3325
2862.9328000000005
1988.1477777777784
1460.68
1118.333125
715.7332000000001
497.0369444444446
365.17
279.58328125
220.90530864197535
178.93330000000003
124.25923611111115
91.2925
69.8958203125
55.22632716049384
44.73332500000001
28.629327999999997
19.881477777777782
14.606799999999996
11.183331250000002
7.157331999999999
4.9703694444444455
3.651699999999999
2.7958328125000005
2.2090530864197535
1.7893329999999998
1.2425923611111114
0.9129249999999998
0.6989582031250001
0.5522632716049384
0.44733324999999996
0.28629328000000004
0.19881477777777784
0.14606800000000006
0.11183331249999999
0.07157332000000001
0.04970369444444446
0.036517000000000015
0.027958328124999998
0.022090530864197527
0.017893330000000002
0.012425923611111115
0.009129250000000004
0.006989582031249999
0.005522632716049382
0.004473332500000001
0.0028629328
0.0019881477777777775
0.0014606800000000004
0.0011183331250000002
0.0007157332
0.0004970369444444444
0.0003651700000000001
0.00027958328125000004
0.0002209053086419753
0.0001789333
0.0001242592361111111
9.129250000000003e-5
6.989582031250001e-5
5.522632716049383e-5
4.4733325e-5
2.8629328000000004e-5
1.9881477777777778e-5
1.46068e-5
1.118333125e-5
7.157332000000001e-6
4.9703694444444445e-6
3.6517e-6
2.7958328125e-6
2.2090530864197536e-6
1.7893330000000002e-6
1.2425923611111111e-6
9.12925e-7
6.98958203125e-7
5.522632716049384e-7
4.4733325000000006e-7
2.8629328e-7
1.988147777777778e-7
1.46068e-7
1.1183331250000001e-7
7.157332e-8
4.970369444444445e-8
3.6517e-8
2.7958328125000004e-8
2.2090530864197535e-8
1.789333e-8
1.2425923611111112e-8
9.12925e-9
6.989582031250001e-9
5.522632716049384e-9
