1.861203
1.8625250240835287
1.8638470481670575
1.8651690722505865
1.8664910963341153
1.8678131204176442
1.8691351445011728
1.8704571685847018
1.8717791926682308
1.8731012167517593
1.874423240835288
1.8761182881611846
1.878087260173121
1.8800562321850571
1.8820252041969936
1.88399417620893
1.885963148220866
1.8879321202328023
1.8899010922447388
1.8918700642566748
1.893839036268611
1.8960502353298594
1.8989985300754737
1.901946824821088
1.904895119566702
1.9078434143123162
1.9107917090579305
1.9137400038035446
1.916688298549159
1.9196365932947732
1.9225848880403875
1.9256177333195243
1.930132025871717
1.9346463184239096
1.9391606109761022
1.9436749035282948
1.9481891960804874
1.9527034886326802
1.9572177811848728
1.9617320737370654
1.9662463662892578
1.9709123796790007
1.978105680878341
1.9852989820776814
1.9924922832770215
1.999685584476362
2.006878885675702
2.0140721868750426
2.021265488074383
2.0284587892737234
2.0356520904730635
2.04398832391088
2.0545015586786524
2.0650147934464247
2.0755280282141966
2.0860412629819685
2.098765897456968
2.11279345044643
2.126821003435892
2.140848556425354
2.155097225513151
2.1745941248142495
2.194091024115348
2.2135879234164464
2.2330848227175455
2.2579261287172727
2.286208273896616
2.314490419075959
2.3427725642553017
2.37669837202787
2.4200859656717544
2.4634735593156396
2.506861152959524
2.561512903574631
2.633795612941122
2.7060783223076132
2.7783610316741036
2.8803639501553064
2.9956147552255707
3.157880197351398
3.361099721378939
3.617391203275971
4.030712497086071
4.6799058051273965
6.200249422670354
370.852515000426
