1.8618640120417642
1.8631860361252932
1.864508060208822
1.8658300842923508
1.8671521083758797
1.8684741324594085
1.8697961565429373
1.8711181806264663
1.8724402047099948
1.8737622287935236
1.8751338021552166
1.8771027741671529
1.8790717461790891
1.8810407181910254
1.8830096902029616
1.8849786622148978
1.8869476342268343
1.8889166062387703
1.8908855782507068
1.8928545502626428
1.8948235222745793
1.8975243827026664
1.9004726774482807
1.9034209721938948
1.9063692669395091
1.9093175616851235
1.9122658564307378
1.9152141511763516
1.9181624459219662
1.9211107406675803
1.9240590354131946
1.9278748795956206
1.9323891721478132
1.9369034647000059
1.9414177572521985
1.945932049804391
1.9504463423565837
1.9549606349087765
1.959474927460969
1.9639892200131617
1.968503512565354
1.9745090302786708
1.9817023314780111
1.9888956326773513
1.9960889338766918
2.003282235076032
2.0104755362753726
2.017668837474713
2.0248621386740533
2.0320554398733934
2.0392487410727336
2.049244941294766
2.0597581760625383
2.0702714108303106
2.0807846455980825
2.091752120962237
2.105779673951699
2.1198072269411607
2.133834779930623
2.147862332920085
2.1648456751637
2.184342574464799
2.2038394737658975
2.2233363730669957
2.243785056127601
2.2720672013069443
2.3003493464862874
2.3286314916656305
2.3569136368449732
2.3983921688498118
2.4417797624936965
2.4851673561375813
2.528554949781466
2.597654258257876
2.669936967624367
2.7422196769908584
2.823824291297809
2.936903609012802
3.076747476288483
3.2390129184143106
3.484978985190841
3.824051850181019
4.298368957399788
5.229196105884597
8.24760936864148
