1.2549906741278242e-53
1.2549903571735276e-53
1.2549900402193957e-53
1.2549897232654274e-53
1.2549894063116237e-53
1.254988772404509e-53
1.2549881384980516e-53
1.2549875045922503e-53
1.2549868706871068e-53
1.2549862367826202e-53
1.2549856028787906e-53
1.2549843350731027e-53
1.254983067270043e-53
1.2549817994696107e-53
1.2549805316718071e-53
1.2549792638766313e-53
1.2549760944001896e-53
1.2549729249401737e-53
1.2549697554965823e-53
1.2549665860694165e-53
1.2549602472643586e-53
1.2549539085249998e-53
1.254947569851338e-53
1.254941231243373e-53
1.2549348927011036e-53
1.254928554224528e-53
1.254915877468457e-53
1.2549032009751515e-53
1.254890524744603e-53
1.2548778487768036e-53
1.2548651730717444e-53
1.2548334849585335e-53
1.2548017984872715e-53
1.2547701136578293e-53
1.254738430470079e-53
1.2546750690191377e-53
1.254611714133417e-53
1.2545483658118883e-53
1.2544850240535223e-53
1.2544216888572896e-53
1.254358360222162e-53
1.2542317226311072e-53
1.2541051112721323e-53
1.253978526137014e-53
1.2538519672175345e-53
1.2537254345054785e-53
1.2534092173289296e-53
1.2530931637692422e-53
1.252777273698332e-53
1.25246154698825e-53
1.251830583139445e-53
1.2512002712019145e-53
1.250570610156879e-53
1.2499415989876943e-53
1.2493132366798405e-53
1.2486855222209173e-53
1.2474320328108287e-53
1.2461811227004226e-53
1.244932783866259e-53
1.243687008318292e-53
1.2424437880996961e-53
1.239346865200258e-53
1.2362657407620165e-53
1.2332002931389328e-53
1.2301504019362285e-53
1.2240968133728382e-53
1.2181040363335052e-53
1.2121711510956477e-53
1.2062972564720862e-53
1.2004814693452043e-53
1.1947229242151125e-53
1.1833741834174911e-53
1.1722444461009584e-53
1.16132737943599e-53
1.150616893476079e-53
1.1401071295940758e-53
1.114674392865962e-53
1.0903789573853359e-53
1.0671455892101555e-53
1.0449055736492178e-53
1.0031592673848822e-53
9.646964468898307e-54
9.291414853456623e-54
8.961741566256826e-54
8.655197627904475e-54
8.369413030499865e-54
7.852162830424663e-54
7.396471506359474e-54
6.991892235320149e-54
6.630223218358916e-54
