1.1219044648177259e30
1.121904763749597e30
1.1219050626814678e30
1.1219053616133389e30
1.1219056605452099e30
1.1219062584089519e30
1.1219068562726938e30
1.1219074541364358e30
1.1219080520001778e30
1.1219086498639198e30
1.1219092477276617e30
1.1219104434551457e30
1.1219116391826295e30
1.1219128349101137e30
1.1219140306375975e30
1.1219152263650815e30
1.1219182156837914e30
1.1219212050025012e30
1.1219241943212111e30
1.1219271836399209e30
1.1219331622773407e30
1.1219391409147604e30
1.1219451195521802e30
1.1219510981895999e30
1.1219570768270196e30
1.1219630554644394e30
1.1219750127392789e30
1.1219869700141184e30
1.121998927288958e30
1.1220108845637974e30
1.122022841838637e30
1.1220527350257357e30
1.1220826282128344e30
1.122112521399933e30
1.1221424145870319e30
1.1222022009612293e30
1.1222619873354267e30
1.1223217737096243e30
1.1223815600838217e30
1.1224413464580192e30
1.1225011328322166e30
1.1226207055806115e30
1.1227402783290065e30
1.1228598510774013e30
1.1229794238257963e30
1.1230989965741912e30
1.1233979284451785e30
1.123696860316166e30
1.1239957921871532e30
1.1242947240581405e30
1.1248925878001151e30
1.1254904515420897e30
1.1260883152840645e30
1.126686179026039e30
1.1272840427680137e30
1.1278819065099882e30
1.1290776339939376e30
1.1302733614778869e30
1.1314690889618361e30
1.1326648164457854e30
1.1338605439297346e30
1.1368498626396079e30
1.139839181349481e30
1.1428285000593541e30
1.1458178187692274e30
1.1517964561889738e30
1.15777509360872e30
1.1637537310284664e30
1.1697323684482128e30
1.1757110058679592e30
1.1816896432877054e30
1.1936469181271982e30
1.2056041929666909e30
1.2175614678061835e30
1.2295187426456763e30
1.2414760174851689e30
1.2713692045839008e30
1.3012623916826323e30
1.331155578781364e30
1.3610487658800958e30
1.4208351400775594e30
1.480621514275023e30
1.5404078884724864e30
1.60019426266995e30
1.6599806368674135e30
1.719767011064877e30
1.8393397594598038e30
1.9589125078547308e30
2.078485256249658e30
2.198058004644585e30
